-12.166 -1.30205 -8.71843 116.886 141.826 81.3949
10.4145 8.75964 -37.4462 42.0465 15.8367 94.7223
-1.39813 -4.9965 38.856 95.6156 170.995 20.9101
4.77393 6.21152 69.2457 121.669 96.337 49.9229
-9.28287 3.3222 -42.0058 108.773 147.815 4.5009
-6.21059 -6.06529 -34.6973 137.117 7.24849 93.4287
-3.36072 0.917233 2.3173 98.4515 49.6048 11.1963
9.91805 -7.18934 51.7764 39.1605 151.9 127.913
11.2164 -3.29464 22.4516 62.1781 51.8285 128.879
-7.74794 -4.96831 -67.3915 176.61 24.1828 11.9045
0.70364 3.14943 16.2234 118.348 126.028 18.9924
2.38767 8.7776 -51.7827 31.9324 98.7579 105.843
4.89914 6.70142 13.3793 82.9365 126.544 171.316
2.94188 -11.2692 -52.7906 2.67407 104.955 54.0381
0.262538 1.5687 34.0121 177.829 99.3342 160.13
9.83471 -2.02522 50.9505 64.4681 140.289 175.9
6.76112 -0.626555 48.5031 149.086 6.64174 147.346
5.52289 -2.60125 57.8203 92.2016 118.1 116.531
-3.57535 -9.16348 71.8105 64.4574 103.266 145.172
-5.9359 -7.82815 -38.2015 112.281 106.644 89.4166
-6.42756 10.4504 -4.81288 60.4333 125.463 141.47
7.74865 -2.21135 -68.4727 175.788 113.101 30.066
2.78998 -9.91477 8.937 168.257 169.35 157.471
2.12778 -9.66903 76.4967 167.724 102.992 29.3817
11.7045 4.22975 42.0934 86.3507 99.2997 125.86
1.81947 5.1016 8.60034 155.659 88.2691 124.971
-8.6578 -1.3769 45.2785 145.127 114.61 53.3059
-4.34105 9.33333 69.6205 165.707 129.325 151.771
-10.0203 2.12227 26.4926 27.0207 34.7511 46.8186
-0.61404 4.21816 64.5282 153.795 43.5046 103.008
-5.27011 9.52337 -33.341 93.4409 62.368 119.215
-0.780932 -9.1378 -16.644 104.745 69.2203 161.641
7.46325 3.79228 20.5981 33.0288 75.1742 164.06
7.52982 -3.82612 -47.9686 144.599 144.884 87.4388
-8.14386 -1.22116 -17.2305 112.717 35.525 70.6958
5.02263 5.62535 -60.7614 160.32 103.293 147.333
-2.08571 7.67206 35.0693 87.7853 46.0574 23.8598
0.113616 -3.15219 -48.4917 78.6406 110.495 16.0954
3.3661 2.38412 0.0988615 74.4021 6.05437 116.582
8.9534 5.88574 -47.7055 49.3453 11.8376 107.879
-6.45453 -1.91962 -13.287 69.3719 143.193 151.07
-1.18953 -2.2985 60.6434 51.3769 164.394 81.1231
-5.76515 -11.2558 -61.4528 1.45079 89.0429 138.266
-3.34209 -10.6621 32.576 123.052 111.096 31.9272
4.76094 11.2997 22.6476 156.421 18.2782 130.1
0.983834 -10.085 2.1673 25.0532 70.7561 22.7624
3.95783 9.15102 -70.7574 167.605 116.911 24.6178
1.79954 13.1032 -49.8478 30.9665 6.91028 36.3558
12.1029 -0.277845 -4.82248 122.117 87.0357 154.854
-11.6439 -2.37948 -53.4083 47.6929 108.911 86.3828
8.54985 -8.68085 -9.03929 92.7375 95.9273 111.092
0.742882 4.4871 -35.2966 21.6591 103.182 107.915
-6.90392 1.81605 -16.6956 170.478 24.6458 138.336
2.15128 -9.07185 70.2251 137.604 16.3479 102.7
11.2992 -5.76751 25.0291 158.939 135.815 125.614
12.9705 -2.73332 -16.0019 90.2736 5.63269 70.7224
5.40959 7.81065 54.8233 84.8256 139.867 159.382
-0.602992 -8.90137 55.7506 171.252 141.022 19.3523
-0.112806 11.8202 -71.2494 98.8944 109.725 16.4973
3.79237 -10.1491 66.3654 41.9491 177.61 63.5019
12.9773 -2.00214 47.0226 127.128 1.22311 132.494
-2.00941 -3.2609 50.6199 8.45368 135.997 134.453
0.574341 4.81407 -26.4635 35.7108 55.5326 49.8936
3.56594 6.30935 -5.49597 61.2956 37.2833 124.4
6.59057 3.38888 -49.247 76.4458 120.77 106.809
-9.88658 5.99371 -43.7273 73.7335 92.0703 25.9789
-1.33561 12.1186 -63.6649 53.8909 133.613 129.772
8.23163 3.28557 30.8514 128.79 90.5385 117.953
-8.91578 -9.477 -6.57249 71.6437 17.8777 48.5911
-0.482982 4.19819 -69.2554 64.722 105.641 115.698
2.74813 1.88785 62.2035 77.9726 18.008 87.2121
6.17404 -11.5432 44.0117 3.07601 20.6993 79.4208
5.74317 11.9701 15.4031 149.884 59.9901 44.3998
-8.8983 -8.43591 54.1666 68.2013 32.9947 10.4
-8.22698 5.25667 -39.022 18.7475 34.463 92.1314
-4.45606 -8.43275 7.22881 21.5712 83.2006 36.3187
-4.02515 -11.0604 -78.0065 132.499 32.4109 75.0373
-0.239423 -1.17442 30.2534 104.84 40.8293 17.2369
7.72045 6.42383 59.7052 114.296 136.203 82.7063
6.13071 -11.7351 -71.8435 172.213 145.213 17.2198
-6.02942 -7.83391 -26.5162 135.979 73.064 149.423
11.0952 -3.09385 30.1326 118.011 176.631 165.132
-6.80679 3.0692 -67.2169 119.439 27.3955 76.1897
6.9102 1.3416 -14.132 133.061 165.598 179.899
-6.51127 -5.00885 -49.1316 165.262 122.206 115.948
3.77556 6.1356 -2.64936 74.506 12.617 61.13
-4.90117 6.58454 64.6897 33.5085 99.8937 78.7294
0.71017 -5.6589 7.54419 132.932 49.553 96.3385
3.52423 -0.125453 38.9731 23.1157 66.2614 30.2089
4.62698 -12.108 72.9548 101.537 59.6432 164.953
-4.34443 0.0162416 61.9692 137.251 126.324 54.2132
9.4905 8.15148 -24.3201 113.202 59.2019 45.8649
-3.74229 -7.30859 58.7967 18.1371 124.982 5.47562
9.93007 2.57713 39.7446 92.764 158.941 153.692
1.26913 -12.904 66.4853 28.7889 75.8596 122.929
1.74858 7.70596 25.5883 56.8226 17.8866 126.379
8.15949 -3.83249 -18.3577 85.0652 51.0395 148.307
2.33141 9.8369 -33.5319 33.5399 141.954 132.145
-3.31538 -9.992 43.473 174.937 52.8458 113.953
8.99066 -8.56548 -55.5215 5.33957 59.7519 72.933
6.00749 1.38239 21.3172 39.3526 154.66 20.7445
-2.52453 -8.74447 -40.4774 149.405 63.5227 179.823
-1.65433 -8.70974 -5.01051 120.564 144.537 14.9035
-4.26371 9.98052 73.7329 128.791 149.564 86.2256
-11.9023 -0.978709 59.9422 167.162 52.4926 29.6035
-3.03896 5.37768 -73.8747 178.989 5.78383 32.3483
5.74869 5.06929 45.917 63.6158 61.8854 0.907657
-11.5145 -1.09274 -14.0967 169.283 122.431 42.2092
7.72334 -5.23532 -60.9848 164.147 80.813 92.5972
-4.42744 -0.506843 -38.9059 142.91 20.097 134.64
-1.34436 -0.185762 42.8073 129.647 88.4487 41.9177
-6.14829 2.05535 -48.2771 3.95025 95.8191 59.5015
3.1314 -7.13163 73.7301 178.108 99.1872 61.8423
-5.30444 9.65146 -59.2157 40.1749 36.0842 43.3326
-10.2824 3.99543 -35.4747 163.624 20.1038 175.732
-6.80966 -0.724866 -59.3007 98.328 146.972 115.495
0.910821 2.17266 -4.25815 75.4604 171.328 9.05203
-9.75835 5.67865 -46.6307 120.204 51.7132 96.5052
9.69237 5.61958 77.9645 151.369 138.476 102.253
-5.284 -7.07942 2.59403 86.0561 167.049 136.408
-6.18392 9.02447 -66.3703 61.108 13.1541 55.0019
8.46025 8.29887 62.2512 114.174 173.014 48.6596
8.51657 -2.0327 -76.1259 105.441 125.776 31.4245
2.314 -9.55069 -60.0726 74.5981 150.918 175.721
-12.8127 0.544646 78.4347 123.016 163.116 58.6691
2.11984 -8.49965 -68.2239 80.9036 117.812 158.639
-7.57751 -8.03556 -62.1934 76.7133 13.2952 80.0133
7.61054 6.58645 -21.5616 101.997 103.712 57.0122
7.07888 2.02476 8.12405 145.132 124.65 21.8367
-4.88261 8.87465 50.9998 84.2367 3.9163 129.019
1.31487 8.88882 34.8143 82.7832 169.018 143.401
-2.51666 3.6641 -24.3775 159.912 21.1063 173.679
-5.30886 -0.2401 -20.8846 36.1339 39.8283 97.5123
3.44209 11.8775 3.36695 55.3689 153.393 155.921
2.68969 8.65463 -0.144704 95.4808 38.4668 177.956
-5.86496 -9.15114 -16.9017 155.071 28.9731 8.61708
-9.16544 -4.64315 3.44923 162.325 60.4747 82.375
-7.44431 4.21338 60.5724 162.344 94.1165 68.7288
8.88667 -8.98569 -66.4035 2.09244 85.8582 23.6418
-5.91779 9.9634 41.3411 161.65 129.997 72.2659
-1.07352 -12.1871 9.60975 19.0986 145.569 118.689
11.4623 0.120884 -37.2029 39.0293 152.671 162.091
-9.61615 -1.6 -49.1355 140.496 78.664 68.3559
4.29037 -10.6042 -63.3417 78.9222 140.895 11.6656
-8.32144 -3.2291 52.1003 10.8441 155.756 163.613
12.0159 3.16818 -8.75139 50.4316 76.0885 84.8611
0.832494 9.97741 -60.662 76.4613 73.3093 166.972
7.66466 10.6823 31.5325 19.1437 170.475 174.25
5.91546 -2.646 -8.55466 57.9743 42.6447 152.932
6.25727 -3.58285 68.9872 35.075 81.9512 63.3324
-0.107554 9.30394 72.0501 105.119 68.8787 153.879
5.35628 7.75203 -55.3874 126.122 161.999 138.017
7.48962 9.03322 -53.2159 9.26553 29.4746 136.969
6.42232 1.35073 -8.34752 140.108 0.235187 43.0839
6.18549 12.1921 -31.5154 1.46003 23.7242 96.8999
0.805201 7.21282 -16.0361 69.0126 37.1039 57.0656
-4.2082 2.64281 -40.5368 21.2167 44.2733 129.487
-9.73885 -8.10806 -73.1908 120.187 57.8321 148.704
0.0993412 -13.1122 76.9877 80.1887 83.9847 65.9291
2.86924 13.0491 -62.9624 34.8263 95.0917 101.252
9.00807 0.667761 16.5883 147.266 50.4977 19.5436
-3.87437 -12.0677 27.8476 101.986 133.572 29.9033
4.37944 10.72 71.965 41.2776 119.363 139.613
-1.79154 2.50772 24.4232 81.3639 34.8389 73.0555
-4.54948 -10.3622 21.1402 84.9638 59.862 61.9334
-3.28103 1.21354 16.7497 76.4258 155.006 105.317
2.72555 -1.9946 74.5792 40.064 152.465 102.676
3.56018 8.05818 -29.8639 115.149 104.596 55.3409
-12.0469 -1.48106 -31.6625 87.4716 103.606 176.676
-1.61928 12.6682 -24.4104 56.4319 48.0648 116.772
-1.34124 -7.02833 -56.7612 64.627 137.81 93.1317
-11.8837 -2.25581 4.22048 121.124 54.0625 175.26
11.0813 0.0908531 73.7651 64.0846 64.8374 112.278
4.967 1.85643 47.2288 157.682 159.347 145.841
5.77122 -11.8596 -76.518 54.3448 134.052 2.36275
1.6136 10.1429 9.13901 49.5155 99.8628 70.877
4.34626 -7.27835 -65.227 79.4159 77.8561 49.1986
7.77606 -0.0554933 31.9666 97.1273 92.8094 13.3822
-2.52967 0.96285 75.8013 142.559 12.7465 71.6905
-10.483 -3.15068 19.8146 164.193 38.3737 90.1888
-0.947303 11.92 6.76654 98.3911 124.728 41.5671
0.46172 -3.22547 78.607 117.564 91.1322 5.91934
-2.05825 4.84437 -0.562784 70.2919 157.297 112.979
-8.86051 -8.07848 -58.8852 153.956 126.963 20.6941
-0.381202 0.951141 -22.0942 175.771 12.9368 70.5443
3.52738 8.62706 -45.2583 145.827 13.2935 71.1116
1.82019 12.8908 57.4419 5.81933 99.4701 167.567
9.07721 1.72867 71.0892 178.215 103.647 123.373
2.16047 -7.7152 -1.73836 56.9712 95.9472 14.7053
-6.03038 7.77743 57.1764 97.1328 9.35102 132.542
1.35064 -10.5412 12.6693 11.3399 24.6165 96.4235
8.92546 6.59323 50.6398 21.5125 30.0862 101.275
2.02349 -1.91291 25.9298 37.5303 131.99 173.57
-11.7795 -4.34637 -16.7826 35.8933 141.721 56.0176
5.22205 8.28419 31.9152 46.1772 148.783 125.192
1.75698 -10.9441 25.1377 175.989 159.244 39.3415
-0.642368 0.503921 73.3007 73.876 126.983 73.546
9.84243 5.52715 45.442 38.6647 111.829 1.52372
3.57423 0.468022 -31.3947 165.178 93.0337 93.1494
-2.05057 1.82205 -26.4147 17.8441 120.346 114.368
-0.103973 -0.328435 52.0914 31.6362 2.21103 27.3124
-7.38071 3.20853 21.4571 57.2826 40.3986 153.611
7.02469 -3.55181 -57.0341 43.5124 9.20816 5.03217
3.54956 -2.6856 -43.5677 30.8601 54.1591 87.6204
-7.20759 10.9364 -36.4363 148.691 171.689 164.007
7.80523 10.2687 -3.18279 89.0256 99.3732 163.457
-11.0008 5.59751 15.8991 5.31132 53.6883 166.521
-8.95066 7.94896 -29.9133 79.6284 13.1477 87.9799
-12.5195 1.56639 -64.3064 51.4413 105.973 35.7751
-8.34668 -5.49312 40.0169 31.5135 53.7121 81.728
6.26045 -2.84479 -39.0938 107.127 14.004 155.32
5.93065 -0.917638 42.3056 37.6676 149.513 89.8639
-5.83495 -6.12024 44.583 119.44 134.061 133.986
6.15115 5.04854 0.0814174 170.974 15.1713 131.219
-0.990547 -3.82768 -43.5304 76.6888 174.583 83.1434
8.73718 9.74445 48.6148 165.704 36.5009 103.373
1.60792 -0.654021 -73.2175 155.895 17.3164 26.0093
-1.50056 -5.76948 -73.996 47.1091 160.963 74.369
-0.901617 8.13032 -43.8841 51.1053 40.1887 100.921
3.24789 1.24736 -38.7465 69.9053 121.401 63.7372
-6.34437 -6.01498 -5.42412 81.3223 13.0397 56.5656
12.9165 -2.76372 17.7619 1.59927 2.33231 104.325
12.78 1.95108 15.2543 2.33517 150.787 31.8485
3.52382 -5.61951 -26.5885 106.066 101.431 138.912
3.47579 -5.90356 -47.818 147.556 39.5973 178.628
-13.2463 2.1092 -69.7349 128.273 157.049 159.037
-12.1945 2.19319 43.0308 171.022 158.694 169.055
2.08366 -12.1313 41.6506 52.0095 30.9296 98.0765
-6.47297 -6.07561 -21.6192 30.5848 38.0122 123.713
6.38857 -8.79096 -4.81489 63.0231 66.0953 135.452
0.717116 3.69076 68.439 69.3637 158.066 34.0263
-5.08944 -7.95026 62.1656 175.997 3.97706 64.3387
11.9623 -1.43336 -9.12401 36.2071 126.78 95.4121
5.0663 -8.63016 -31.2409 52.07 65.441 128.31
8.39041 0.239414 75.921 108.334 11.2102 110.903
-10.1729 0.560895 -77.7678 55.7941 48.4398 118.505
1.93095 3.81532 30.7627 13.792 167.218 120.587
-7.32026 -4.4028 -0.312488 160.87 123.915 36.4166
12.029 2.10327 37.1171 42.6365 60.9151 49.2851
-8.15189 6.4825 -56.2178 127.484 122.174 148.554
-10.3604 6.46859 48.9422 166.847 62.0755 128.074
-0.66421 -3.62721 21.0329 9.01852 39.9821 5.32665
-3.68011 -2.28007 -65.368 4.4994 173.642 17.3366
5.75551 11.7144 -12.6833 160.889 146.988 37.029
5.60305 2.60575 26.6307 59.5459 5.57036 119.714
0.563086 -9.60921 -32.4726 154.399 46.2978 99.3383
-12.9214 -1.49917 -18.7726 14.6584 73.9225 98.5681
-5.81879 7.82019 -6.27458 159.94 41.4002 95.9655
1.96808 4.3579 46.9868 5.14105 158.993 130.271
-1.9576 -12.1212 -27.202 106.425 125.673 31.8009
-6.35329 -0.335412 -62.7862 145.183 94.2123 21.2913
-4.86584 1.1879 29.4439 78.2441 59.9534 16.4839
-3.56327 6.0416 32.0205 171.544 62.4554 14.7398
-7.56232 9.8774 31.9791 163.98 137.94 43.7443
10.3147 4.87288 11.4931 151.522 175.174 59.173
-0.0907332 1.37161 60.2567 155.972 105.368 54.4382
9.95067 5.20546 74.4637 88.245 107.282 158.725
2.85278 3.51541 -44.8194 177.426 77.7863 170.389
-1.24785 -5.91271 -28.8964 177.605 50.7173 170.479
6.26927 -5.40538 71.6131 45.269 124.943 56.2691
-11.0321 -5.51413 -65.7244 17.7595 155.195 62.5351
-7.53161 -1.68075 -75.3034 41.0744 34.2639 11.6029
3.32582 -6.84919 67.3554 175.24 103.875 167.863
10.9121 -2.01496 -51.9303 38.0939 133.497 61.7805
11.9779 4.4666 25.9922 169.23 53.4155 135.716
-6.58256 3.83584 40.8312 59.3512 169.44 94.3557
-7.79774 -2.14952 39.532 92.2847 112.944 32.3548
5.58222 -7.85968 7.07061 130.082 51.894 124.203
10.0184 -3.75902 -7.00735 8.36614 80.5603 11.8399
-1.75631 -9.72772 27.2726 43.6906 23.0822 89.136
-3.69425 -5.62545 48.571 130.717 20.4881 90.4062
12.6435 -2.7262 -59.0731 57.7801 129.2 9.32594
-5.28273 -5.10629 73.4122 113.007 161.763 126.059
-10.4296 4.17944 -76.3139 127.81 107.497 30.226
-4.71558 7.8696 -39.526 75.358 23.4534 155.641
3.51065 6.85341 -9.28733 106.188 24.4104 65.9927
-3.29147 12.036 34.5732 9.22835 66.7475 141.427
5.16468 -1.29345 -71.9157 123.111 21.8192 50.4197
4.0265 8.93846 -20.3041 114.794 163.736 75.4037
2.02854 -9.84763 -4.72981 85.2869 20.9694 146.136
-10.5435 4.94371 62.754 38.3409 57.3527 169.354
-6.20721 -7.85283 -65.5821 155.857 81.6391 168.399
-2.17095 7.15945 58.2947 107.367 127.146 126.806
7.8483 -10.0093 -60.0711 56.9669 162.05 51.3488
-6.2381 -8.54857 35.7287 154.409 166.333 79.249
-1.53399 6.21334 -32.6664 92.5926 57.3105 106.538
-10.4444 -7.93201 -14.1934 73.7253 132.51 34.3992
2.34841 -8.01778 15.5829 24.4858 12.4068 171.448
10.3482 -2.10949 14.8873 74.3717 109.832 59.9146
-12.0416 3.09762 59.6652 142.812 126.517 45.7684
11.8465 -3.56758 57.8319 150.825 131.72 67.3986
3.99611 -7.89285 -10.1567 140.496 142.189 8.41567
4.94575 1.39093 15.0576 43.8586 13.8318 154
-8.91788 3.83958 -64.3078 1.88529 17.9005 32.856
-5.65225 11.4353 -1.58672 93.5985 121.193 142.532
7.35157 -5.75478 -12.288 123.591 124.985 164.246
-7.49005 -4.013 12.8994 175.057 52.2196 127.15
-8.05872 -1.60876 -41.8724 13.9362 55.8365 167.18
10.3086 -3.444 7.628 155.702 138.096 9.03128
-9.6367 -7.25731 43.1697 148.754 90.3791 19.9586
3.07741 -5.62495 59.9903 178.661 106.221 97.3102
2.6217 7.7007 4.44643 52.434 43.5086 141.416
-4.20678 0.953282 55.6074 156 97.0075 27.5526
4.7876 -4.5707 64.8381 35.909 141.352 171.39
-0.408267 -4.87909 0.996876 157.267 109.54 2.41222
7.02614 0.605723 -53.0444 175.82 151.406 6.28708
0.279366 10.5316 63.3213 144.819 66.6555 51.5585
1.7716 12.6887 -59.9115 127.124 86.2747 175.748
5.57347 -5.9517 -24.3251 87.4978 169.039 174.742
-3.08016 -3.70184 5.40611 24.5861 167.183 51.5126
-8.88526 -2.30246 -6.39077 35.9213 5.95727 125.139
1.34138 -5.2111 -60.0236 173.002 15.9013 118.14
-3.1354 12.9487 -11.0799 38.933 98.3353 137.308
9.3473 -4.38598 -15.3286 93.5548 26.0291 16.3409
9.63841 -0.0605088 60.8871 43.7868 109.452 92.5391
-5.1247 7.13844 -70.7062 23.2739 35.5617 139.35
-8.33 2.31619 -32.5969 125.173 70.7198 54.8932
2.90116 -2.94622 -74.8139 116.478 129.623 38.92
6.18721 -2.24854 -32.1917 43.3322 130.381 79.1236
-3.35989 8.4691 1.91375 63.8125 96.9637 161.041
4.65659 -5.87186 18.2691 164.706 134.874 112.391
-0.255153 -13.4628 -8.94592 105.897 89.8652 100.619
-4.14167 11.1633 -41.0001 33.5952 89.4521 141.877
-10.3618 -0.608081 12.3838 3.8151 78.025 22.1165
1.11715 5.52013 54.227 127.347 108.707 97.6711
3.74307 -6.22752 -53.757 178.351 130.051 135.177
-4.78314 -0.679747 -33.6354 65.9223 97.806 25.9128
-9.55892 1.31964 -0.314327 50.7719 102.407 71.899
-1.14146 -3.07601 -34.8638 150.754 132.133 38.1378
-9.14656 8.20225 39.3456 77.5429 48.4547 154.283
-2.10581 -7.117 17.9145 18.4673 97.4128 148.644
1.96204 4.93328 -13.1251 111.314 16.9843 47.2382
-0.0114914 4.03058 -59.8332 29.6737 58.5252 176.926
2.16466 6.29341 -64.3477 172.92 107.04 64.4068
11.8869 -2.29329 -18.6822 79.2784 92.6186 53.959
4.79263 -9.6116 32.9533 54.5864 129.269 80.1871
-3.83136 -7.82836 -7.22254 142.122 178.062 140.791
-2.59656 12.96 20.729 42.5332 37.5277 57.0379
-9.22822 -9.18284 -19.2159 169.139 109.998 56.652
-5.94599 10.2683 -78.7304 66.8967 172.982 68.8033
9.51951 -7.15328 -74.9447 28.7858 2.38079 123.333
-10.8041 -4.62831 30.3198 68.143 116.624 46.1396
11.7953 -5.09365 1.43694 93.6729 57.7447 103.046
3.90444 -0.387636 -44.9449 84.5729 106.054 18.7572
11.3834 5.14177 -64.1549 54.0505 65.4904 10.9638
1.44975 0.498566 -53.0353 49.1568 67.2915 16.0836
5.81936 -2.18457 -78.0941 111.138 154.404 48.9852
-6.06841 -3.40248 60.7925 146.616 105.205 62.4266
0.18194 2.47884 10.785 102.636 107.142 34.0038
-2.83909 1.35884 -31.3972 76.3553 22.7243 17.3162
-3.12081 7.44224 -76.955 4.36797 75.162 93.1839
-9.08281 7.75296 -77.7617 64.9421 179.575 50.834
-6.18492 -12.2157 38.1672 33.9226 38.91 104.138
8.13676 -8.30686 61.4459 95.9532 36.5857 57.0091
-0.34844 -12.7533 -36.7237 14.0742 115.392 124.183
-1.93567 -10.2547 -46.1968 142.965 23.5654 60.34
11.4124 -6.52963 16.369 124.928 64.1006 56.2761
4.22416 9.91247 -28.1574 39.4341 91.9939 42.935
-2.39321 9.79459 -68.4473 45.3257 62.8622 98.237
0.206628 -5.09985 28.322 173.988 28.4786 32.7632
-4.89562 -11.3935 -31.0407 109.322 115.444 174.945
-2.32602 13.5601 78.3213 2.67705 149.892 139.518
-3.91566 5.29615 61.7451 92.568 31.3979 138.746
2.67328 4.58354 37.4795 32.633 105.21 39.7324
-6.8105 11.6341 -17.4249 164.415 152.688 97.4165
-9.0749 -0.172267 -27.1377 22.2051 151.25 105.035
9.20503 2.35778 -57.5684 75.1832 27.3169 13.7712
-2.59006 7.57726 -47.6883 84.0843 131.615 27.7107
9.82492 -4.65146 39.1207 93.1762 155.663 155.052
-10.5927 -5.87891 74.3413 90.8378 73.3916 107.602
7.65633 6.50157 -74.6473 145.669 40.4552 69.0934
11.5322 1.04306 7.86038 150.223 156.354 66.4495
-10.0416 -5.04204 -70.714 134.882 41.9566 119.657
8.1027 5.7721 40.0678 16.6899 16.124 34.4227
9.88975 0.434913 -17.9483 162.936 87.7861 149.118
-12.0619 4.69297 78.2116 148.13 63.6742 136.601
-1.3827 7.49738 17.5904 89.3911 139.493 140.263
4.64952 11.182 -9.5571 19.004 94.8499 148.555
-5.2156 -3.21773 -74.3864 83.9232 166.317 139.644
-9.42281 -6.45775 69.6067 46.1193 127.665 111.832
-4.79699 -6.7382 69.5898 153.868 116.102 176.348
0.231854 -13.581 -45.3375 9.07975 93.3436 3.04185
-9.00576 -9.30367 -68.298 3.61719 179.251 51.2787
8.47798 7.19284 -42.5162 4.10589 64.9933 93.8281
-3.01458 5.96853 -35.5356 8.72631 178.702 156.357
-4.27856 -4.49174 -45.2304 86.5975 115.195 160.615
12.863 -2.28366 36.9713 158.383 29.0265 159.052
-5.71072 10.7541 67.4964 92.1641 177.45 95.3934
2.1445 -4.80124 -35.9588 167.226 85.7512 137.528
6.94021 -2.36989 21.06 119.691 74.8262 34.0065
-3.24555 -1.21749 32.1562 114.243 164.699 88.5795
3.47724 -2.76546 33.4056 101.693 63.661 142.892
-4.87664 -2.9031 -19.6698 50.032 161.435 108.191
-3.51616 -4.90229 55.9057 135.759 170.316 146.891
-5.56408 -7.52544 -58.514 135.951 168.056 143.46
7.86685 -4.61574 -52.0342 94.7161 133.435 141.931
7.49546 -2.51784 17.9912 125.698 39.0558 53.9692
10.3645 5.42501 -77.4642 28.8558 26.8561 176.97
-2.87621 -10.5191 -42.9794 109.802 61.6409 32.2772
4.71266 -7.38257 -36.2606 149.822 34.4042 126.307
4.16085 5.752 59.7257 32.9578 34.2692 93.8914
-11.9228 -3.9 -75.3739 110.853 46.6987 125.567
-3.68031 -8.2926 -31.4665 9.31412 19.8811 74.8722
2.99707 8.97834 51.7095 6.7574 64.4604 177.271
1.22086 -4.19435 -14.6388 34.8104 3.86578 144.55
-0.645768 3.52314 -52.8704 99.2463 136.223 15.4834
3.17473 -9.51208 47.4919 158.282 121.739 167.447
4.8765 -0.725044 50.9508 75.6982 150.635 120.093
-2.08254 -10.4165 74.6782 26.1338 108.121 46.1242
-1.75341 1.45267 50.8069 3.29106 25.0394 102.25
2.69349 0.721921 79.0822 130.258 101.462 83.946
-11.9613 3.62469 -17.2163 136.899 36.8095 60.9613
-5.63894 -0.766702 -3.00404 89.4138 162.82 129.048
9.86734 4.00021 -71.7442 22.0837 16.8319 7.02612
10.6452 2.58092 64.6839 60.2245 176.081 156.501
4.81613 -8.15895 26.3531 96.9088 83.9735 54.2786
10.5912 4.08317 2.27366 44.2272 7.98259 88.1267
-5.57844 -0.30477 7.14595 154.6 78.6942 143.129
4.16208 -10.8072 -56.5292 165.26 54.7712 61.7744
-0.669321 -11.5734 -58.9445 86.4228 9.02839 81.0568
-0.614347 8.01437 -13.2446 79.8439 87.3166 132.004
-10.2216 -1.21165 72.4981 15.7495 123.134 99.6857
-5.25407 9.21085 -46.5261 176.458 90.6581 80.2843
-2.38484 -0.580157 -42.7549 2.84677 27.6275 119.115
-2.67437 9.65762 44.0076 74.7493 83.0767 7.13441
-5.41873 -10.3601 52.6033 38.8618 32.0972 87.4632
1.92665 -7.73072 28.3766 46.4286 149.745 35.3148
8.43935 -6.61781 10.5286 99.4964 27.4713 80.8652
-13.3641 2.66353 -2.21625 120.844 159.466 176.661
-5.66822 -12.2974 78.4151 149.538 24.786 49.1663
6.41936 -4.41911 30.7302 96.9571 89.658 29.997
-0.256718 -3.1239 -77.335 46.4895 137.659 97.5716
-5.769 1.99368 62.7853 115.218 110.5 157.991
-0.995477 11.3186 -32.5157 8.79974 3.66051 89.7583
-6.90361 -5.12023 -30.8422 82.608 140.546 69.1669
0.585645 1.61956 21.3864 177.336 89.4612 35.5522
11.6983 -3.92918 -75.1103 94.0792 48.7518 95.0846
6.40557 10.6006 -16.2593 137.604 70.4708 124.058
-9.36468 3.81548 75.2377 4.48915 107.922 42.6109
-8.57565 2.16652 -54.3793 79.6068 90.1328 64.5121
10.8388 4.9961 -15.4301 7.44379 67.2153 40.5107
5.34804 9.37862 7.74043 4.73122 145.431 168.1
-0.435352 -6.40279 -12.1598 58.7589 6.85535 157.113
2.61923 8.5678 76.5006 165.959 121.685 3.97756
7.45192 -4.03571 -29.9541 34.419 12.9124 58.1029
-5.22138 8.14112 -35.7654 85.111 161.388 62.5604
-3.87733 -2.24761 -56.1689 64.7886 75.2608 66.6169
3.19547 -8.99812 -48.7002 44.3688 32.3349 59.2908
7.06534 -3.14183 38.8543 70.9013 89.1937 113.888
-1.29752 -3.94906 -58.8979 90.4019 115.126 4.10045
-7.70288 9.43891 10.3318 76.7358 34.1794 9.92845
-10.363 2.78653 50.94 39.514 142.822 177.642
-2.62573 -11.3882 -18.9583 11.0205 138.693 131.373
6.50821 6.66836 36.0165 81.0856 51.5152 147.158
-0.0369232 -11.6395 -78.4824 134.576 67.5048 100.494
5.21292 0.292897 56.4039 37.4998 26.5738 134.582
0.703422 -0.65245 -12.1778 171.747 94.4625 93.5461
-3.77759 10.5749 -21.1925 18.5799 23.8854 71.8252
-2.12889 -5.46221 11.8573 47.9057 12.8053 10.2944
-11.6895 4.82202 11.0881 75.1835 61.3296 134.489
-0.519607 -1.71598 -61.9844 44.5915 141.077 131.908
-0.190152 -1.60905 56.7953 64.8908 137.366 169.398
8.92634 -3.77066 -34.3692 13.7503 142.671 4.22324
-7.06212 9.75269 1.76398 40.7286 92.0036 59.8658
-12.885 1.23181 69.9793 141.313 122.441 110.688
8.60522 5.83966 -29.935 40.9842 117.751 124.216
10.1984 -5.41272 71.2561 173.433 36.8184 160.185
5.25395 4.38124 -17.3228 104.828 110.221 138.425
4.26211 -1.34447 -4.53168 161.82 53.7624 20.1177
-3.3377 -8.97071 -35.6338 15.6981 110.606 128.192
-3.27166 8.79026 28.0849 67.4695 67.8962 79.3761
12.5 -3.85333 64.8218 23.1806 14.0375 99.8067
-12.2301 -5.18193 -24.9245 36.3322 172.972 1.07868
-3.31266 7.17894 22.9133 169.67 98.2043 131.312
-4.06633 -11.983 -48.0665 139.713 97.7631 108.027
0.977527 -10.1466 60.8125 67.9703 154.537 111.264
-8.01049 8.3736 -71.501 34.5404 48.1836 121.988
2.68363 -7.79009 51.4499 47.3504 18.4774 153.923
-5.19652 5.61316 27.5461 49.5949 83.4038 139.446
6.13163 2.83731 -26.2891 30.4007 1.7764 49.3374
-1.2981 -1.88284 -69.9665 142.733 90.4033 6.64888
7.91441 -7.64559 -35.8441 7.16741 3.1527 159.343
-3.64523 -12.7397 57.1171 10.0672 137.559 146.105
4.89758 -1.06099 -12.5507 171.195 11.8386 32.7683
-6.87164 7.20149 34.9545 86.1396 171.532 166.524
-10.3303 7.27272 -67.2027 152.262 88.8414 164.57
-1.87739 9.50765 -19.0574 104.707 178.57 153.781
12.6454 -2.01653 -43.8442 149.08 6.14112 49.1101
-6.19922 2.95889 65.6387 99.5996 115.202 161.4
-8.31408 -3.47397 -71.8498 87.845 23.7159 133.55
7.67575 9.0692 11.4955 100.572 98.344 92.1129
5.96096 -0.464252 -55.7965 140.702 161.588 93.9743
2.28101 0.66418 -68.2198 71.285 27.9298 113.096
6.21885 -8.16413 36.8474 75.6145 148.464 158.266
-8.86474 7.07169 -24.4441 143.797 155.709 163.405
-2.65797 -12.8878 61.2835 170.784 164.314 35.7031
-0.84176 2.96737 -49.2369 75.8706 68.2636 92.8831
6.57407 -8.58785 -26.5542 122.837 83.7864 120.922
-4.52181 -6.77059 -18.2772 177.979 22.8033 8.71999
-1.56154 -0.940634 35.6815 76.0984 107.933 47.7587
1.53287 7.05179 29.5407 37.4975 150.207 47.2222
-8.75408 -2.91245 -25.1878 6.58985 17.1472 108.871
-12.9497 -3.9165 -61.9025 174.348 171.603 142.299
-4.87535 -6.19706 -13.7295 125.134 147.359 148.925
-9.96831 0.160862 -56.937 85.3251 65.7876 3.20425
1.26998 8.65728 -24.9563 27.8724 176.172 151.574
9.7873 -6.22281 32.8145 96.8905 115.271 175.403
5.45728 -7.53811 21.9711 98.7767 31.4156 161.58
6.71866 10.5379 3.78305 63.0477 61.008 120.742
1.93733 -7.25231 -40.1106 159.912 108.379 75.8757
12.0235 5.43804 16.4508 145.651 136.918 87.2856
-1.08682 8.56575 52.0916 17.1838 127.245 103.835
-8.23246 0.932926 -44.7076 65.5235 177.549 3.26276
-8.89359 9.75256 4.83227 114.909 112.68 66.1679
-9.93681 7.31105 21.2746 168.402 44.2367 94.4124
-1.04165 -8.28043 63.0849 174.558 8.97555 43.7231
-9.00782 -5.86941 18.1552 129.781 113.831 119.382
-4.01769 6.89667 8.63267 38.5078 117.601 100.172
-10.4192 8.0576 -48.7373 7.17658 54.6516 151.481
-2.43799 10.653 -36.0937 56.4854 11.4536 176.463
2.01047 -0.107991 68.9509 118.618 117.629 62.0057
-7.70791 -5.41414 66.122 5.72506 164.1 26.7093
-10.2011 -6.43357 -10.1022 126.617 112.709 108.899
-11.0155 -7.37772 11.1687 172.845 3.98034 39.6486
-7.63911 -1.3036 -10.4652 63.403 132.301 118.265
6.56492 -9.42828 77.4646 58.0327 100.854 116.348
5.76415 -12.0633 -22.6198 93.2332 106.149 79.5249
-12.1444 -1.20083 -43.3891 96.0377 164.018 5.38597
-4.98219 4.3537 50.4171 169.585 96.4846 48.0407
-1.65597 4.99391 20.6594 99.0743 9.46272 48.9508
-3.90886 -2.22332 -25.1257 146.283 42.4038 77.6881
-1.26106 -6.04812 69.6891 24.0288 159.067 67.2076
-4.60275 -2.42256 -46.4671 170.959 121.299 49.4059
-8.92256 -10.1752 -25.4084 7.05826 8.05294 81.5748
3.99701 6.97167 18.5846 164.088 7.75783 8.25482
11.7391 -5.98564 -2.55464 41.2867 32.1001 163.707
8.19652 -8.56949 -69.9428 150.021 43.9311 17.2908
5.09371 -9.82068 12.8087 17.6802 102.825 87.4165
-7.45528 9.68457 -9.22432 28.4931 125.549 55.825
0.985965 2.7484 -8.93212 70.9009 82.7731 81.2484
8.41248 -0.673039 -28.2054 149.806 117.095 76.6932
8.92566 5.24505 7.2703 52.8536 78.5953 130.13
-7.09286 -0.10303 70.0483 151.171 61.8785 111.11
7.76489 6.58218 -51.0576 140.904 71.01 155.863
1.68248 -4.95926 37.0821 174.033 65.4306 31.5027
-9.52305 7.75674 -34.9353 29.7863 113.762 60.5303
0.403117 8.94205 22.4541 50.9409 112.338 142.963
9.14078 -7.87915 -45.423 2.1404 139.925 95.2864
-9.5568 -4.36776 -60.9882 98.9245 30.6711 95.1125
10.0837 1.78444 -2.57008 142.994 173.586 154.35
-0.503051 10.8547 -45.1962 87.8701 97.2792 44.7139
-5.0363 -7.50285 -48.4166 161.11 88.5175 36.5481
4.98749 1.77815 -33.823 58.5267 83.6579 179.174
-11.8194 -4.25922 50.8003 106.58 90.6672 91.7693
-5.37628 6.33943 -8.82597 147.125 68.4124 40.9963
-3.94285 -6.37034 28.7287 80.3679 13.2508 31.5695
-4.10293 8.86214 -49.45 99.2815 110.166 129.409
1.40353 1.81379 -42.1874 152.124 110.159 145.03
-8.13238 4.90767 -52.0221 120.588 1.65217 87.3197
-10.3888 -5.0736 56.2302 13.1764 59.5853 126.161
8.81187 -0.724677 -41.3623 35.3455 150.917 174.672
-0.705046 0.551446 -77.2085 86.691 92.723 41.4193
2.06998 12.8928 52.1824 150.207 2.3566 115.972
3.03553 -0.690854 3.32445 40.9145 20.7102 81.7368
2.53222 -5.83342 57.314 81.3868 133.93 8.67595
-5.59028 -6.0187 33.0491 62.3265 95.8616 50.132
6.15852 12.1171 -21.1322 59.5146 48.9823 106.23
-3.79704 -5.16875 -63.9396 31.0102 136.831 177.787
-0.334676 13.552 -66.356 6.79772 111.197 76.8635
-4.00501 9.59215 48.1218 102.322 164.722 58.7086
-11.885 -4.76969 -31.6652 15.9955 173.069 123.939
4.41474 -5.74491 -71.1235 22.7288 76.8938 71.0131
0.636728 11.6563 69.1166 36.7786 45.5636 47.8942
-1.67323 12.1417 -6.46392 26.7285 54.5298 12.3039
-3.22073 -11.8495 -40.1342 52.3582 34.9874 173.71
6.4413 6.50917 25.9905 45.7318 117.122 117.659
-3.07977 -12.1821 -1.903 40.3909 168.694 15.5147
-9.36238 -9.39472 60.4751 39.0768 64.6222 149.147
-10.8326 7.39932 -18.8731 115.879 52.9841 22.0987
-8.47171 -1.83771 -52.7003 44.9083 18.4614 97.4127
9.82845 -4.65195 -69.2922 37.0843 96.0487 144.501
8.59941 -5.28273 -54.7158 121.256 48.331 165.223
8.71293 -8.37179 73.4633 37.117 85.5311 142.913
0.414723 -8.23613 -20.1994 95.7063 17.7692 0.834691
5.01415 1.33485 64.204 102.48 146.816 7.87111
-11.3075 -1.92664 -39.0534 123.471 30.7464 96.3718
-3.64545 9.0312 -72.3887 32.4392 18.1118 137.553
-3.37374 12.2709 41.4312 116.051 15.3061 174.681
-2.74458 9.7693 77.3849 86.1407 83.992 134.701
-7.7284 8.47299 78.2082 164.622 19.1475 133.012
10.4684 0.458514 56.243 119.558 7.28551 69.1584
-5.80599 -11.131 63.0117 177.461 96.8245 96.0246
-6.99107 2.11944 17.6071 116.15 102.377 6.56876
8.60817 9.48217 21.3529 146.475 148.96 90.3508
8.00808 -3.80119 -65.1073 33.1739 175.051 110.112
-1.47315 -3.42168 -17.4643 14.0995 7.52606 122.858
-9.46078 -8.71175 22.43 154.492 116.972 53.3045
3.45393 7.58144 44.2899 166.061 157.532 126.264
-2.17136 3.68224 -11.6736 133.225 151.433 23.2805
10.8829 5.45375 -59.1807 123.535 34.7079 126.551
-5.13645 4.5224 -46.1048 143.966 119.634 15.4485
-4.66033 -9.03457 -52.3837 127.168 114.428 1.7625
3.93709 0.919396 59.3528 75.5442 142.541 63.1432
4.54962 12.0321 54.6157 11.8642 43.5008 29.971
12.4622 1.21395 -52.7505 24.6392 5.84332 72.9384
-0.586854 -0.22543 11.2338 174.6 9.01698 74.5541
-7.01778 3.65816 55.6768 80.801 58.764 8.66818
7.70527 -0.320663 -64.2959 27.0603 11.0768 37.1498
-5.56857 10.4713 18.4586 11.9243 168.167 139.411
13.4734 0.299359 -26.5375 10.9207 21.6617 19.3173
4.19554 -11.4485 62.2968 13.2179 112.656 22.6136
12.1169 -0.185973 22.1791 35.0135 146.208 9.76445
-7.88378 0.787314 -5.41119 154.832 99.4591 108.061
-3.93353 10.6295 -25.1973 50.241 105.694 55.5512
-6.97948 -10.5246 17.9473 42.0662 27.8991 29.8272
-2.46458 -8.65401 -72.1024 121.23 32.251 16.4179
0.969363 10.3341 -36.8782 34.9633 118.23 165.797
6.57965 2.80952 -45.9118 38.9739 65.6021 38.679
3.20479 -9.87587 -25.421 63.2486 7.33829 96.3802
-5.4523 -4.26442 -77.9735 97.2087 161.351 90.1886
-7.30611 4.68269 1.65107 43.4305 7.81246 120.134
-6.10409 -5.75891 -40.5132 98.7659 91.7117 75.0775
-1.4276 -6.33981 15.4402 146.488 97.9276 84.0687
4.4344 11.8246 11.9604 53.8467 106.666 8.25601
9.15309 -8.67811 -51.6392 153.082 66.8667 91.1253
5.92567 4.61951 16.5749 69.2801 69.3081 2.5226
8.15118 -0.66255 27.6986 30.1323 150.268 139.516
-9.09813 -2.1868 56.9957 67.3266 32.6114 76.7661
9.67299 0.895753 -8.15183 3.00082 81.2373 54.3805
-6.88144 -7.31073 -43.547 82.8111 139.412 142.636
10.8926 5.83914 -68.6967 30.634 106.56 25.7926
5.96118 -5.45057 26.9348 134.961 155.536 108.451
-6.46675 6.66923 53.9377 172.344 152.128 43.0476
6.10136 4.70109 -12.8918 161.873 177.093 157.26
-11.7657 5.90073 67.4229 120.406 165.25 171.481
2.09263 12.1465 -6.38588 15.7485 25.9903 77.2854
3.68092 4.8027 -50.1427 21.7701 166.152 23.1188
13.0387 -2.49509 2.61804 120.732 159.933 152.212
-12.7833 -4.49219 6.09074 66.3979 18.6602 172.208
-1.06768 1.31038 -14.2153 100.879 121.263 88.3241
1.41066 -1.40058 -1.0914 56.4191 18.3931 176.458
8.60672 -7.01002 30.2055 161.72 102.376 145.652
-7.17244 3.75213 12.0788 126.501 68.5067 157.854
7.45836 1.53069 -76.9754 129.509 122.636 2.31105
4.44034 9.4409 -57.9617 0.367085 49.2996 69.8474
-12.0368 5.38437 -8.73423 108.845 137.909 27.2311
3.20785 -1.68899 12.3243 149.687 90.9763 6.80518
-2.97777 1.56696 -35.0346 111.25 45.7157 177.908
-9.56328 5.61461 31.5372 39.5837 166.131 77.695
-2.57467 -1.35002 -9.89774 82.4431 166.548 152.54
-6.54904 -2.53477 28.896 176.488 104.344 62.1454
1.51509 9.32273 48.9142 110.627 165.91 29.8967
-1.54239 -5.80188 -2.94551 6.24433 163.428 75.9077
2.61797 -11.7512 69.4822 89.8183 89.1276 164.001
12.8466 -3.24591 -63.331 12.8788 141.267 44.6561
6.81292 10.3973 36.5783 119.338 51.9674 67.3012
-7.06308 7.79355 19.6584 108.353 116.839 24.9901
9.01666 7.80634 -62.676 72.1442 156.373 171.915
5.31051 12.136 45.8891 10.5834 65.1609 38.346
2.90726 -8.11742 -43.3076 101.667 19.0209 81.0612
8.8694 5.33163 -11.6072 170.853 151.712 71.1186
11.6194 -1.99864 25.6051 79.3739 152.081 55.8684
0.199479 -11.6006 -14.7493 78.5605 80.9098 112.685
7.4208 4.73806 -23.4761 143.976 11.6808 74.6356
-10.6529 -5.09188 -0.287138 88.1924 22.9473 43.1285
10.4615 0.840836 -32.742 43.3895 1.3156 94.2036
8.89682 3.11226 -63.2951 160.238 169.688 161.866
-6.93655 4.65968 -25.7229 91.8089 16.8619 130.907
-5.12108 5.97224 15.7815 77.4301 69.5654 88.8185
-11.6515 -3.50909 26.7724 114.743 2.27413 106.398
-4.78787 -11.2892 5.9449 56.3827 11.348 14.4792
-4.04247 1.51578 -72.3217 84.0423 147.952 118.066
4.44734 5.76335 50.4738 12.9422 131.347 162.165
-2.12483 10.0603 10.2723 18.9679 41.9492 148.637
-12.6177 -3.70334 63.9238 53.0023 40.1132 178.46
4.79765 3.06425 -70.8405 128.409 79.9683 145.069
4.6724 12.1803 -35.0761 41.0656 64.725 101.868
6.44705 -10.6356 69.117 168.643 71.8232 103.468
6.25248 -11.4909 55.9366 179.5 33.4223 9.09716
-5.43097 8.93999 24.9539 19.616 134.283 23.6044
4.14436 -1.58903 -21.1914 122.985 61.1296 56.4121
8.10148 0.500661 -24.1009 12.8436 157.63 4.25943
3.89096 9.86441 -6.06575 84.1895 97.5715 164.942
-0.239511 7.51898 -54.2453 84.7275 22.868 103.871
11.5772 -0.93899 -65.9859 24.8014 18.0719 43.7247
-2.98921 5.72993 -44.2024 158.367 117.639 102.39
-12.954 -1.92812 -1.46297 107.342 151.451 3.36376
9.17657 0.821897 66.2498 15.6385 92.8006 59.3445
-1.69902 -1.57853 -51.6577 73.8931 51.666 131.175
-10.4791 -0.0226303 28.5183 153.172 102.642 115.335
-9.30892 1.99714 -21.8296 28.1213 170.935 1.02322
8.08314 1.87921 -41.54 43.8887 146.718 6.56502
2.6213 -9.87932 -37.8954 134.844 179.052 76.834
-11.8886 1.38901 8.78419 90.8427 96.6738 145.761
5.7319 -11.8597 -67.728 73.1049 142.196 14.842
-4.45734 11.9666 -74.0397 26.0863 97.8323 72.418
1.56657 0.639112 -58.6723 178.29 87.4255 117.155
0.586324 -3.95583 41.3381 80.5544 118.721 112.948
-8.58805 -9.0695 -51.0818 61.4342 171.204 145.309
6.08439 -11.8224 5.89262 35.907 121.695 111.474
10.2964 -0.873583 41.1951 109.364 69.6154 2.93501
2.66514 5.31905 75.0537 110.975 69.7568 169.085
0.857426 8.12955 44.476 104.762 166.23 39.5229
-7.59537 4.06638 36.2557 173.549 96.1918 48.3477
-0.479798 0.0275293 26.5185 17.6696 114.276 133.925
-3.89168 5.09418 -58.1759 141.51 153.561 30.9918
2.24722 13.0522 -30.7247 50.5005 127.217 178.564
7.87979 5.8494 -33.1618 170.347 86.7532 108.726
6.06908 -5.1677 47.219 76.7188 165.713 14.0805
-8.65582 -0.205585 41.3157 104.756 148.452 91.4128
-7.70534 7.3373 -17.7588 82.7751 6.83099 161.524
1.08877 4.24548 57.5558 118.44 101.596 98.2827
-4.01634 6.71988 -28.9048 78.3353 149.721 62.8318
-8.78003 1.64869 53.7063 16.721 93.5023 5.65163
0.813975 -0.0574968 45.658 159.584 150.988 128.775
6.01922 -7.14463 -75.4433 53.2602 35.0291 149.368
-0.933235 -8.70738 10.7413 176.366 170.942 177.355
-6.65653 5.23862 -31.4828 10.6971 142.796 113.483
9.39884 8.24322 -57.9305 97.0668 87.6605 34.203
-4.9696 -11.9817 65.3412 48.5452 95.073 21.2396
-11.1379 7.23569 60.2051 24.8321 137.547 115.649
0.0775825 -11.1526 51.0541 37.7819 4.25654 159.815
-3.52175 1.02838 -59.458 90.7732 179.503 155.118
-6.25229 0.912534 -76.9339 13.7148 17.0159 123.755
2.65345 -13.6948 -59.2462 152.458 111.268 69.1313
-5.02573 0.637332 44.6729 83.2052 60.2005 136.273
-13.146 1.98708 25.3305 127.07 145.493 4.50825
6.63285 8.49145 17.9358 137.042 8.09803 115.769
10.5042 1.32557 -14.0502 174.179 62.7264 69.1106
5.61177 11.957 -69.4977 147.066 176.697 114.437
5.95814 5.29113 9.9755 95.5588 167.726 132.703
-5.07045 -5.66016 15.9926 64.7427 38.2239 99.0707
4.04571 -12.1003 20.8331 67.4477 60.9268 42.8505
5.56528 -7.41965 -18.2973 179.32 162.961 3.44769
-3.37057 1.63591 21.0907 157.487 95.1968 78.9983
10.413 -0.521441 -73.9345 89.6624 137.764 62.0237
10.6988 4.7471 69.6843 52.7388 118.095 76.1129
2.03074 -12.5403 -28.1525 55.9395 169.825 77.5344
6.34901 7.27054 -36.5386 142.321 116.779 84.1201
-0.0997479 7.90272 0.888304 172.306 3.6448 4.12759
-3.6172 -7.9442 23.4198 118.055 68.5768 39.7497
-4.4293 -9.90032 -71.2882 145.221 28.727 132.826
8.8951 -7.09135 -48.8149 66.2234 98.1212 118.611
-9.6887 -0.353331 66.9802 71.7564 90.7112 135.823
12.6818 2.38106 -61.4585 154.299 97.8554 88.6026
-10.5128 6.04247 44.5112 92.2376 47.9947 52.2344
10.1386 2.55585 23.1739 142.434 167.548 68.7279
-6.42068 -11.0197 24.4441 80.6665 154.872 132.353
10.1807 -4.7345 -45.0697 144.03 161.483 79.694
3.10223 -3.80502 51.3792 141.489 14.1012 34.4088
4.33292 -3.4137 -49.5609 132.069 31.9296 24.5178
5.92995 -11.2845 2.89905 28.5714 87.2456 70.3055
-10.0279 -9.10609 -39.1525 101.751 48.8934 136.026
-1.72594 -13.4443 16.7069 38.1869 63.6421 101.542
-5.31013 -8.34092 -11.284 37.7406 104.498 46.4318
-10.6871 -7.60832 77.8949 63.2939 85.1696 38.8253
6.49532 -4.37277 13.7526 76.4279 140.629 106.415
-8.88778 1.38754 -63.9798 70.5903 104.3 159.356
1.99639 -5.99036 48.3512 48.3737 2.95843 94.0032
3.18368 -12.9229 -39.4187 171.354 107.349 115.378
-3.76063 -2.73546 24.7845 116.887 48.3676 117.255
-6.56262 2.5166 -57.5875 173.466 150.517 171.292
-8.5936 -10.1491 71.885 146.375 174.684 97.7758
-0.20973 -9.46037 34.8099 96.6389 116.305 96.0564
9.84615 8.74786 -17.6898 1.35645 176.29 22.4499
2.79138 8.03561 38.3088 131.562 78.391 84.7164
-6.7651 -0.856249 21.2395 122.64 152.411 67.9778
-6.35281 11.6732 56.8113 77.7083 96.5784 131.696
-6.72732 7.79021 72.5399 64.6055 36.1214 110.473
-5.30962 -12.618 -53.9118 97.0055 63.0808 3.51344
-6.75999 -8.14948 31.1371 169.765 22.5875 62.9561
7.7965 -11.3033 -43.12 89.0955 126.457 128.246
-6.60833 -10.6697 -3.26505 37.7105 104.448 58.3319
2.65889 -3.46062 8.31277 22.6912 23.7624 130.912
7.96205 -7.47714 -16.0244 18.2183 27.4785 5.99656
5.9744 -6.72895 3.6188 25.421 5.11197 58.831
2.71308 -1.4528 66.5833 120.157 165.475 149.634
-4.73714 5.52013 37.8363 77.3944 80.7588 68.712
4.21145 4.55859 -38.4255 115.409 93.3098 176.011
-12.7203 1.08661 4.99106 17.2913 35.1085 78.6477
-0.909859 6.96168 66.2185 84.4516 153.933 178.646
1.59931 6.58233 -76.0853 161.226 166.488 73.8069
-0.328751 -13.2456 -2.2927 34.7566 5.30123 132.094
-8.05651 7.31191 7.13336 50.3623 2.4842 112.968
11.5188 -3.4821 53.1809 123.805 78.0759 50.1003
-1.41301 -1.24921 -3.77916 4.89587 167.863 34.9211
10.5865 4.42828 54.551 129.884 84.4476 127.495
0.631165 -8.29035 -63.1499 21.3568 178.181 164.859
0.766151 3.48301 -63.4399 75.4802 75.5603 28.6262
2.58765 -12.599 8.01497 174.735 158.428 173.303
2.3428 -1.70923 22.1809 120.968 84.0257 56.392
-3.81968 6.41044 78.0895 83.2068 101.476 160.945
3.49863 1.30691 71.8471 97.3411 120.028 145.913
6.14187 2.65876 77.6163 162.779 30.9691 73.0557
6.31594 0.979985 -67.5169 119.806 166.664 162.54
9.1974 1.34109 -11.1135 63.5937 151.772 174.448
4.38372 4.86342 -75.784 35.481 164.641 162.353
-5.31806 -8.3422 -54.7622 163.083 117.145 81.1905
-3.51663 -7.3991 -2.39793 82.8914 8.96249 72.2095
8.03508 -7.73025 -1.29061 24.8197 72.8526 127.248
7.22538 -8.04269 44.0681 85.1307 114.305 148.944
-3.09489 -4.87036 -5.92348 108.88 131.358 2.99991
-2.1598 -7.70002 -61.2328 4.11403 179.66 155.894
-7.82768 -5.02964 6.98907 44.9946 48.1072 50.6252
-3.03875 -5.8552 64.109 9.76248 72.7832 150.588
8.14371 -9.96336 34.1464 25.1763 168.57 2.76988
8.37243 -9.56394 41.8985 150.545 50.2268 153.865
0.598625 2.61318 -32.1789 38.2225 149.092 125.619
-4.14851 -8.03423 11.5224 75.7992 58.0776 158.604
2.15369 12.0132 -53.8364 164.696 100.586 73.2914
10.9863 6.24968 33.0193 151.82 8.932 137.568
9.92527 -4.47332 43.2918 40.9663 11.6077 119.19
-11.3262 -5.37352 -50.1258 57.2411 2.01285 48.2394
-3.71895 5.21456 -18.4454 67.3509 67.5419 118.763
-0.723304 3.88609 40.055 83.6055 127.425 114.073
2.87765 12.9889 65.1358 55.0234 64.5864 57.1066
-11.6644 -3.11695 77.4184 147.886 74.8216 70.8076
-8.26304 3.67791 78.6362 160.831 80.2693 111.238
-6.07399 -3.61832 35.0723 17.2114 59.8022 34.8394
9.8174 -1.21145 10.423 34.5683 131.488 78.6691
0.688185 -10.8723 -75.5577 81.515 179.392 13.8634
-6.68997 -10.0742 9.43412 65.0729 160.353 76.4033
9.5315 -8.92114 1.76413 165.051 151.478 0.403012
13.4375 1.72786 -15.5126 122.282 8.55096 167.182
5.10698 -4.22437 -64.7243 74.7596 11.1053 111.307
-11.4328 1.31679 -30.5348 169.323 146.884 28.3943
9.03521 9.12058 -48.7369 32.0058 177.525 47.2337
2.65411 -3.73722 -30.2883 3.81354 76.1175 108.539
8.56651 3.95522 26.5384 21.6331 6.65172 39.1399
5.39943 -8.36045 16.3937 19.595 56.53 137.441
-12.3007 -4.04715 38.469 158.372 123.032 152.625
-3.62638 4.68614 -63.7844 171.019 82.8706 44.7219
-3.7905 -11.7242 -7.23678 47.9623 15.5131 114.71
7.94373 -3.25147 36.1971 85.2003 24.5527 78.3945
13.3682 0.266537 -76.175 151.922 20.5053 101.367
2.19448 11.7736 -15.5738 29.7224 177.721 160.007
7.71907 8.1806 -14.2337 130.481 82.8855 107.046
-5.16996 11.7246 -48.9266 33.4214 0.574609 179.523
1.65477 9.7841 11.9093 58.3196 51.5418 17.2589
-2.07688 -1.89192 15.651 121.605 150.64 144.979
2.56415 -6.49242 -17.2795 156.326 21.0805 74.3131
-0.457278 2.57746 0.73976 108.015 158.36 22.0058
-0.386818 13.0469 46.4029 34.3964 159.169 112.465
-5.57462 11.8636 5.74511 154.99 91.323 70.538
10.5562 -0.66042 0.90205 27.8731 24.2007 80.6979
-9.39184 7.30229 -64.3913 78.949 40.133 138.981
-5.03933 4.76397 67.8492 168.835 78.0586 69.0252
-6.75083 11.2104 63.9785 115.462 31.8937 59.6343
-8.14079 -10.2894 3.93168 46.3759 34.55 147.145
-12.0561 -5.0091 59.4622 150.119 95.8615 162.263
-12.4206 2.68726 -12.8724 142.933 82.3927 109.443
-10.0877 6.30387 56.8219 147.733 91.524 33.7762
1.19146 -6.5398 24.0584 117.29 154.685 43.5395
0.921976 -6.29178 11.2569 17.3176 166.771 94.8721
6.12129 -3.59369 76.7068 148.5 129.419 138.356
2.80525 3.68065 -22.1034 178.003 2.70318 140.261
-6.4635 4.80999 -12.8286 160.417 63.8411 60.9117
2.82376 3.54705 43.7998 99.203 96.9729 163.532
3.76339 -11.0291 -32.3762 137.334 140.658 114.452
-0.599506 -12.0546 -12.3384 61.8014 112.534 95.0836
-1.71859 12.1894 72.3033 174.264 36.7993 40.4363
-7.99145 4.95599 24.1624 97.1804 40.2745 89.6454
-12.2088 -0.0462003 40.6603 6.44484 117.167 118.532
-12.2837 -5.86883 18.8385 147.326 19.4815 155.071
-1.48359 7.27531 -8.99509 38.0324 73.664 18.4735
-3.02826 -6.88688 -68.9102 119.77 102.489 152.458
10.2552 -2.23749 -78.4562 98.819 162.203 83.8363
5.94242 -8.21654 54.9126 42.2117 106.124 51.8495
-0.848349 -13.6456 -33.6794 83.7594 89.7874 115.174
-5.66476 -0.831309 49.9744 176.56 110.487 89.3474
-8.56595 -5.48638 -17.7217 1.97244 151.288 46.457
5.93185 4.21325 -42.0075 65.0621 110.595 2.46191
2.71628 -8.06105 -14.0666 47.905 170.828 82.3945
6.64654 8.24437 -32.1465 64.336 110.036 3.80713
2.41735 5.27514 -66.7168 153.174 105.311 175.794
-9.02818 -2.51706 17.2555 115.066 18.9514 161.846
-3.49879 10.65 -13.7443 117.964 173.003 131.354
6.4628 -5.05242 59.7088 164.25 5.53837 157.001
-2.45101 -10.2033 16.9899 59.2656 86.8946 8.04892
4.32812 11.5323 62.4769 78.8523 125.786 164.01
3.63441 -3.68416 -56.4066 103.637 61.7058 155.115
0.166622 -11.154 -65.9246 137.928 53.0603 10.7629
-6.23258 -0.219545 47.4073 67.1932 172.86 34.0114
6.15 2.66996 40.5205 53.0081 39.4444 155.873
3.18956 -7.00654 -21.5548 66.8228 131.605 18.8098
-2.1112 -2.59426 -28.6782 48.3429 84.7713 15.1045
-5.61305 -9.15957 56.3149 47.7303 30.0989 166.616
-5.3027 -3.02602 -7.99283 71.4707 161.678 121.768
4.99204 -7.42513 78.2227 156.451 164.166 53.1996
-9.44495 -8.99442 25.961 1.18643 76.1576 44.9366
-12.9838 -3.62736 -73.1966 82.41 178.387 48.5715
1.43592 10.8695 28.9644 161.927 36.8916 100.932
-8.7433 2.90681 8.31009 97.0893 176.151 8.35011
-9.17071 -2.16977 -20.9912 83.8475 40.7826 24.8327
11.5728 0.761819 -22.2326 54.7006 53.9541 102.798
6.08104 -10.94 38.954 65.624 30.412 163.034
-10.6418 -6.63019 -21.386 167.617 121.235 16.2786
2.61585 11.0862 -41.9002 57.7664 174.4 157.249
4.41694 9.47914 27.4595 0.931263 26.3027 5.22961
-9.18151 6.94714 -10.6764 157.952 43.168 167.678
4.51728 -5.01738 -67.8144 114.846 77.9263 108.286
11.8347 -2.97149 -26.1448 129.493 140.457 159.197
-2.86821 10.9258 -55.8332 33.3049 42.5768 28.4618
0.266785 5.76768 -2.79938 120.255 17.0628 158.023
-0.291786 -7.26058 -77.8398 21.982 172.946 146.908
7.7734 7.56962 -3.92615 1.34206 49.8316 3.97604
-11.2734 -7.32641 49.9639 17.9754 24.6319 34.4019
-0.652271 12.3474 22.7118 50.3052 175.228 44.1414
-6.46223 -9.81784 74.6741 39.0482 27.7788 72.7625
-9.98731 -0.705971 -61.6911 139.219 82.3101 103.733
9.58645 -7.53766 -21.532 100.436 178.643 31.3143
-1.62 2.43679 28.811 160.05 169.435 139.163
9.79847 9.23554 -27.741 159.068 2.4918 40.3833
0.146359 13.3356 -43.2875 58.3769 86.5744 81.0577
6.14702 11.7046 -41.5642 49.1372 31.113 88.0286
1.16556 -3.78852 68.8851 63.7569 10.6737 16.8541
-2.18649 -7.73103 1.56902 108.002 108.066 99.2873
-2.94466 1.55833 -47.2529 43.0282 179.793 122.327
-3.75369 0.667454 4.93054 44.7111 145.911 103.043
5.9683 4.15076 65.9151 124.737 49.0703 60.7256
-4.96465 -3.44792 63.4844 83.9327 116.613 28.5858
3.35971 7.40768 78.4766 23.4724 49.7219 164.156
-6.05925 1.83089 -23.2632 177.9 163.342 68.304
-7.41288 -4.98034 79.2061 90.1517 59.11 30.7109
11.7042 -6.00713 -77.55 133.674 14.8143 34.6114
-2.18809 11.7756 3.25707 23.148 21.0396 64.757
-4.61357 1.78569 52.8372 101.168 18.0713 158.99
-10.8277 -8.53546 39.4427 108.903 39.1855 104.347
12.0696 4.70219 -34.4893 17.5256 170.26 73.2871
-2.46053 8.57539 -6.07917 77.6115 179.388 95.8955
-10.3659 3.98601 47.6428 26.0691 114.771 103.807
-0.0728087 4.61212 23.7604 113.966 27.3022 106.764
-1.49111 -6.34021 32.5436 150.112 119.585 45.9914
6.17091 1.61202 -21.5737 5.12334 179.812 152.383
8.37188 -1.74716 63.9958 120.743 55.6761 48.0145
2.70229 -11.8092 -41.9837 174.5 109.289 166.583
9.26676 8.02866 14.294 73.9156 23.3885 108.483
11.3486 -0.372368 -48.0664 122.442 107.545 114.285
-3.21106 2.22946 69.6396 99.026 144.946 166.168
1.08023 -3.22011 16.5703 98.0339 92.4145 178.858
12.6038 3.32678 73.5403 162.546 165.808 76.6866
1.69567 -9.98616 18.1994 64.7399 83.791 43.7733
-8.45166 9.55633 -55.3615 3.06354 149.649 33.5958
-11.1256 5.37342 -73.0627 173.363 113.011 155.822
12.3502 3.82939 -54.0071 3.04451 86.5604 82.8771
7.20822 -8.17553 66.6449 135.526 62.7255 30.1814
-4.77018 -1.87544 72.9834 10.7353 131.566 52.4629
-12.1169 5.11318 3.83682 76.6311 0.709674 116.49
1.65055 -1.90767 -65.6416 12.5428 83.2959 175.619
1.9831 0.462894 -26.5885 156.488 20.7971 109.634
13.099 2.08989 67.427 131.788 179.263 176.879
-0.590293 6.5916 50.4337 168.433 14.4663 109.191
8.02053 7.64571 4.15427 172.093 135.266 136.207
6.67738 6.73131 73.4933 158.272 100.926 49.2188
-5.7932 2.70323 9.03266 98.1072 79.2055 124.738
6.71857 10.3573 58.9711 175.238 157.639 49.3556
-11.8703 1.23283 17.1218 103.449 72.6842 120.777
3.24611 12.4615 -77.2067 142.864 32.1818 174.659
12.1614 0.784201 28.0886 85.3738 39.7663 163.964
8.08987 -4.17297 -41.0019 130.544 60.2575 1.74493
2.15964 -12.2341 53.8836 149.29 31.1886 127.717
5.86022 8.07531 71.1596 25.8911 94.819 140.097
9.90574 3.27909 -37.9594 40.4193 12.7946 56.5776
9.32544 8.59974 53.4995 170.5 143.757 103.806
-4.28779 -0.152919 10.9158 125.586 64.7547 171.644
-11.2392 3.84956 -51.6253 128.044 69.3787 129.822
-11.5243 3.81277 -45.1905 121.191 29.8082 97.7563
-3.98231 12.807 -44.4137 126.647 91.2655 174.616
3.82014 -2.78219 44.0265 86.3454 63.5281 128.395
0.502397 5.38256 -46.4709 113.459 143.3 141.235
-9.12505 -7.4161 -2.04766 166.3 10.2781 134.34
3.33497 1.66176 -6.91579 115.981 137.93 145.867
-5.6039 -4.92668 19.7607 20.8208 117.414 68.0819
-9.42559 -3.71944 68.9858 30.0029 155.325 141.357
6.97326 1.83977 -73.5303 46.4012 63.0192 37.3732
-4.85328 -11.8007 46.7735 93.12 94.4608 14.9459
-1.63876 0.296091 -64.4594 97.3957 74.267 122.788
-4.03461 -12.4353 -73.23 34.6561 156.82 159.49
6.83307 -11.0296 -3.13682 18.2913 101 43.2228
6.33208 -9.22178 59.2878 21.1996 73.6106 143.107
7.20562 -8.13529 -41.0639 30.7224 5.07706 142.602
0.103129 -3.43032 -24.2234 28.8202 152.32 100.558
-11.4251 -1.21003 7.87517 158.213 141.276 82.3128
-3.21318 -5.83449 -51.6166 159.503 64.4399 156.002
-7.5046 1.8225 59.3485 158.366 45.3963 154.342
12.0324 5.11302 -38.5472 67.0248 10.8051 123.581
0.377474 -12.9343 -61.6593 90.136 112.497 171.145
-10.5493 -1.11841 34.332 98.7694 49.9962 176.706
-6.16713 11.3527 -68.1506 30.7576 136.834 75.5843
12.3308 -3.20252 77.8529 32.2051 28.0096 86.7085
-4.95816 11.1821 12.5332 20.5934 21.9875 145.031
-3.07644 -8.38664 -75.8887 52.037 156.995 114.362
-4.28135 8.56976 38.0743 118.761 113.696 115.361
2.84104 -1.01395 31.0472 56.2519 47.2776 169.526
-8.15389 0.0768629 77.3259 97.9085 160.277 163.629
-6.45422 10.1812 60.8757 71.0247 101.779 138.687
-1.46892 12.0582 25.4621 140.264 79.2385 72.4192
-11.3306 6.33588 51.4197 109.287 179.134 105.661
-0.981537 4.44255 -39.7065 19.7525 114.755 33.0638
6.51606 -1.91761 73.552 50.1044 48.596 8.95447
10.0279 8.05531 67.9166 4.86921 22.0019 151.816
0.951564 9.54199 57.4639 131.515 48.4316 119.244
1.90322 12.9344 -37.4848 36.2666 46.2013 76.3882
-1.83978 -13.0015 24.7758 156.922 68.4124 54.1841
9.74086 -6.95069 21.9317 70.0034 82.4808 10.914
-1.82545 -11.0173 -55.5256 25.8049 157.873 82.3804
-5.56714 -10.1065 28.6798 147.652 158.616 118.538
8.73204 8.46318 0.595197 176.191 110.773 96.7124
-4.4143 7.48839 -13.8792 169.124 47.4616 72.6776
-12.3304 0.66763 -24.8642 6.11979 12.3353 61.9977
-9.68924 -6.82463 28.8974 90.7043 149.08 168.938
-12.6217 -1.00346 -47.7767 154.817 28.5431 98.5599
1.36049 -10.468 45.2313 101.419 24.7674 157.935
1.98002 -7.27439 1.82005 46.2692 36.3041 109.063
-4.90303 8.24217 -2.23571 41.1962 144.88 83.1275
-0.412172 -8.47276 -8.07268 158.899 113.909 54.8283
4.4447 5.99902 -24.6537 77.7933 158.067 97.6335
1.6775 11.0694 -56.5923 126.807 0.139455 173.6
7.27503 -10.9534 -28.0946 150.573 166.758 134.877
-2.94566 4.19788 74.5158 78.2407 120.722 28.0107
-5.39881 2.8185 -6.90318 119.465 85.5702 36.5183
1.75409 11.077 14.7957 33.0888 95.5959 162.159
-3.00833 -4.4832 75.8848 49.8052 3.58605 33.9678
-2.58808 -11.1361 13.4367 3.00658 118.019 127.421
-10.9516 -7.00515 -53.7699 16.7777 69.4895 69.2103
-9.95102 8.40862 -39.8015 48.3467 66.7376 46.3992
0.639972 12.4659 -12.1474 57.9713 141.399 149.281
9.79682 3.47233 60.1078 23.1907 89.1798 51.7689
-11.0024 6.97023 -0.860798 165.621 54.9217 101.119
2.49368 -5.19172 33.2614 17.8354 64.2465 133.644
9.86881 -0.453376 35.001 111.996 4.53735 157.958
-7.41201 -4.03331 -27.7156 78.2816 142.219 125.171
-6.25659 -11.5725 -65.1255 38.7563 73.6765 121.036
-5.30517 7.83698 4.80694 50.0438 65.2119 151.478
-7.72852 4.73817 -3.96267 71.7525 5.35364 123.217
5.77834 0.216752 34.5313 52.0601 122.833 48.0233
-0.500737 -7.55958 -23.8041 170.443 141.407 52.9314
-8.47416 9.56755 47.161 64.6922 67.1211 145.298
-4.23397 4.91566 -4.17278 144.351 137.87 134.021
-2.98878 3.47521 4.22175 74.8908 60.8385 174.693
1.49322 -2.69517 -40.0875 63.9799 66.3303 37.7559
2.59525 -12.9043 34.0348 163.527 67.3569 89.148
6.54647 -6.1621 -43 142.195 120.099 47.3749
6.87059 7.77045 -67.9022 38.0288 172.82 36.3356
0.947601 9.43182 -75.5873 119.829 58.6787 40.4199
-10.163 -4.92608 46.0185 136.298 66.7969 17.7909
4.3891 8.2824 -76.561 159.201 153.934 141.406
3.88713 -2.59968 -17.3412 98.5098 46.5304 54.4437
11.888 -3.37168 -34.6308 55.9426 171.235 162.434
0.27165 -3.31693 64.5336 154.102 149.82 171.643
3.4044 -12.3498 29.9293 69.4201 36.7091 27.5847
-5.63064 8.92284 -22.4831 54.3584 19.6138 139.593
-8.13337 0.354504 23.3144 121.396 4.65903 125.157
4.13843 -6.96116 42.0217 64.5062 69.3257 175.57
-11.6346 5.2786 39.2894 12.7811 46.4201 82.3824
-5.14533 12.2504 -60.7467 54.9254 128.762 169.796
8.78838 -2.34843 -71.7507 60.1521 140.38 66.0825
4.64635 -4.20022 5.8905 72.1765 126.447 114.389
-4.01377 0.954993 35.5318 73.2071 145.478 146.003
-0.91979 -2.98838 3.93912 161.206 28.7662 113.733
12.2522 -4.18553 -30.8564 106.432 23.9818 41.0688
-9.73666 -6.8136 35.4265 52.3711 65.13 80.5234
0.430663 -7.4334 -50.1206 117.195 87.2137 3.74675
5.71983 11.4408 -60.588 63.702 39.2497 31.0069
12.1952 -3.24897 -12.5775 52.1481 34.1399 141.931
-7.54355 -6.14579 51.9748 127.135 160.866 76.0025
-4.94017 7.90929 -55.8048 170.474 13.3299 41.6456
11.088 -0.476093 44.5529 177.673 101.555 176.492
7.63945 -0.736212 -5.1942 118.772 2.49131 86.3152
9.06932 -0.348932 -59.9339 158.879 91.0466 50.87
-11.5781 -5.99754 -57.6143 124.783 157.728 120.386
-7.64546 8.44251 28.6549 23.7558 106.072 176.54
-2.20962 3.47283 -28.6693 144.794 78.1345 170.41
3.80546 12.5956 43.8397 135.32 107.975 102.747
-1.42043 -11.3009 38.6618 173.624 20.9533 64.4273
2.94596 2.63503 4.31732 26.3177 80.1442 150.192
9.4516 8.42265 42.0413 142.221 35.7553 75.3505
11.2703 5.73829 38.128 152.12 99.0177 99.3957
9.22983 -5.62151 58.5438 0.699507 156.262 144.284
-2.07439 -0.941796 20.5636 83.6334 95.98 170.42
-2.46157 -4.30233 -38.3765 20.6516 38.1988 13.2719
-1.07091 7.45568 -62.5178 67.3947 159.337 70.4344
3.62431 3.92973 -55.5955 18.0149 23.5727 87.7909
1.02358 -3.94698 -32.3636 121.187 133.734 114.896
0.501376 -4.31393 -51.726 24.6021 153.662 95.4813
11.5739 -5.83077 55.3442 15.3261 57.2567 56.3719
-1.20275 -11.5663 -50.2397 137.597 23.6804 47.2848
-9.52119 0.829283 -38.3973 163.856 74.6471 124.978
11.8858 -4.70356 -66.7805 125.198 149.58 28.9505
4.21584 3.95979 -30.5555 11.8433 69.4803 172.728
3.85361 8.3516 -14.5484 59.0461 75.884 154.347
7.13324 -0.363659 2.87796 66.5372 5.99187 66.9025
5.41314 -0.188859 67.8285 83.5786 158.586 85.9377
0.871831 -3.66515 -67.4654 176.671 88.639 97.6037
-9.38856 -9.93143 67.2576 11.5837 6.57459 11.3813
7.61979 9.57558 66.3647 41.9525 117.723 31.8927
-3.15549 6.38429 54.5666 136.853 87.3892 154.249
0.376999 4.59157 12.8886 121.097 110.696 168.705
12.9592 -5.05456 38.7033 4.31232 175.101 11.9861
12.2656 1.27465 -45.0651 24.5986 44.5659 172.4
-1.61384 -12.8783 -52.5158 156.599 115.188 64.8885
-11.5136 -5.92991 -77.49 139.284 143.309 168.825
-2.47481 1.91351 -18.7268 170.313 155.444 6.61235
-0.201236 -12.2537 -21.7702 12.0249 112.144 24.9509
7.5519 -10.2695 14.7378 103.767 166.852 147.796
-8.70265 -5.75637 -13.0301 104.57 37.6562 139.356
-2.07523 10.0731 -28.5564 110.138 142.914 75.1228
-6.79541 -9.71983 -8.67311 45.6906 177.672 176.12
-9.75459 -9.04694 -77.2156 96.1746 43.6736 121.553
-5.33832 1.88899 25.4143 107.164 88.6035 177.659
4.26151 -0.248744 -16.0601 160.382 142.071 110.989
2.39115 5.8724 41.5483 129.241 117.475 143.614
-0.316027 1.64264 -36.3797 164.418 33.6682 12.9206
7.93941 -0.299127 -36.2664 139.94 83.7761 19.391
13.3779 -0.125941 62.3167 80.5659 25.8593 139.417
-5.05652 3.76067 -52.628 40.9951 164.244 29.6854
10.9617 1.05623 52.4591 103.629 58.1334 66.7925
-9.30666 9.03891 -22.649 81.1304 104.793 115.13
-6.54695 -1.79441 15.7429 2.36315 178.141 173.497
7.13559 8.54232 -44.7711 67.0036 9.86422 12.8956
-7.08193 0.826048 -29.9492 73.8824 157.027 131.865
5.09292 11.5732 -47.5421 33.6743 154.656 82.5039
-0.68538 -13.5121 31.607 1.09914 99.2082 122.317
-11.8231 5.17664 -58.2144 140.647 6.04762 93.3388
-10.019 5.42359 -28.4356 163.389 59.7781 158.451
3.36079 12.3137 36.1819 38.3781 108.525 60.9151
5.6975 -0.888449 61.6138 100.075 144.863 102.299
1.18019 -5.87957 62.8151 10.4611 105.765 0.495941
1.7914 -0.930362 7.83002 166.878 103.298 66.2538
1.02839 -13.2203 -24.4965 178.814 161.279 87.1175
-9.23772 5.78422 69.4566 120.765 127.979 174.692
6.50245 -3.30476 0.859853 68.699 50.6319 65.2752
0.0975792 11.4831 37.9604 177.616 128.96 24.4431
4.05609 -6.21093 -61.953 96.2966 161.822 46.6315
-10.6677 -7.28519 65.8084 22.5387 74.4012 30.6765
-7.79771 -4.6361 26.3127 90.9737 2.21061 99.8363
-9.00087 -4.05238 -44.9127 82.083 15.1997 64.905
-11.8068 2.44896 39.7694 46.8649 85.729 58.9225
1.52756 6.6388 -57.5031 86.3302 141.597 90.5595
2.05598 -0.0218609 -64.3199 146.497 24.9058 153.965
-0.573396 -0.722329 -55.535 175.656 4.89333 143.674
-3.79726 -2.87907 46.8275 42.244 125.796 4.05138
7.38721 -10.3981 29.2362 131.787 97.2607 95.476
-6.04815 2.58043 33.0159 52.2306 154.938 14.0115
1.34828 6.6557 17.2543 0.256612 10.481 107.874
-11.9443 -5.81182 33.0406 48.6413 6.06362 32.2473
8.16416 -10.2521 -34.6595 4.51834 95.8275 1.54141
-1.87626 12.416 -76.7244 73.8974 120.141 175.044
12.9153 0.837097 -41.8525 47.6558 63.865 174.61
-6.74786 10.401 -27.748 125.621 3.62069 154.074
-7.59618 5.78687 -21.7756 25.8978 42.3797 163.735
6.77043 0.563284 11.4061 30.4842 172.239 135.289
5.8724 6.33967 -65.064 41.5625 77.8374 170.718
-9.46436 9.54659 44.6204 84.6807 131.459 111.379
-4.3459 3.03937 -69.1967 152.879 53.2707 21.4811
3.3775 -0.765458 10.1505 61.4492 48.5259 163.827
-11.1509 5.25138 35.3701 134.149 113.676 146.831
-8.49095 4.36812 -70.3777 97.9314 97.6445 40.887
-5.38642 -3.3131 -52.1518 179.814 113.214 29.8104
3.06782 13.221 24.4791 176.026 80.4241 130.007
0.375105 -8.36505 -53.9733 131.917 47.3112 48.1442
2.71927 -12.4517 -69.2521 125.47 175.154 28.483
-8.26969 9.92906 22.0677 95.9237 61.4929 60.6866
12.7699 2.42445 49.2891 141.526 159.627 127.116
5.34499 -5.17092 -4.53257 2.10934 113.99 152.784
11.434 -5.74809 -27.9211 171.823 138.209 23.9484
-12.5854 0.301036 -73.4001 5.57874 92.0188 10.4969
-11.8054 -4.16169 -36.5289 22.8423 57.6175 0.153911
3.35526 9.50302 41.7138 14.061 49.2624 65.477
0.751372 -13.4765 63.476 110.472 81.7069 129.841
-9.16918 1.43875 45.1368 158.17 13.3091 170.324
-3.19995 -1.24504 -0.00161802 175.624 127.396 26.5086
-3.04041 -3.23386 67.1107 1.90067 78.7412 153.765
-2.12334 11.5221 31.497 72.0308 146.11 152.206
-6.53952 7.07198 -62.6355 66.5734 65.3549 67.9838
6.40049 -11.9068 -11.0848 99.9584 100.096 94.6662
-10.3587 0.453718 75.2093 111.712 131.807 120.576
-2.9875 8.10154 -65.645 31.249 117.185 3.13439
-3.60781 9.62452 22.1974 157.119 96.9059 44.9535
6.94159 3.61671 -4.4715 63.1642 47.2844 11.501
0.260326 -2.21581 48.9654 166.011 27.1808 66.9457
8.95597 1.63045 -51.6659 142.152 19.4031 123.324
1.04934 3.88975 -78.5907 73.4748 62.9722 156.397
-8.06821 -1.77484 -1.7358 59.0477 147.478 10.1996
-2.62651 6.70473 12.0705 162.765 6.28712 118.969
4.59992 9.63882 -37.6411 14.0956 175.327 176.887
7.88028 -2.35693 -12.6603 154.455 40.7324 66.564
2.75169 4.74901 71.906 91.4475 156.927 171.97
-1.84329 -6.53371 66.4523 88.3353 171.329 32.4856
3.49406 -5.16316 -77.2113 45.4298 61.9649 103.116
-7.16707 2.0792 -9.77289 59.5567 77.8107 153.84
11.8115 3.96684 -20.5925 157.952 25.5309 99.6438
8.53702 -8.00951 26.4345 168.432 22.71 148.46
-0.293731 7.46443 -36.2907 170.693 48.2398 78.0598
13.4405 2.7769 -4.31157 152.419 11.2485 131.792
-8.52742 1.61574 -13.2017 90.5433 82.0191 13.828
-6.61646 -6.52557 -74.652 157.274 163.262 179.946
2.31345 -6.17896 -73.0053 145.949 123.102 133.524
-2.3521 -8.63027 53.2222 132.35 141.444 16.1425
-0.295359 2.40641 -74.1665 90.8016 20.5445 95.8687
-12.921 0.115653 52.307 121.251 90.5306 134.027
-5.92251 -5.45905 -25.4577 4.51625 96.6758 159.618
4.45456 3.58784 12.2032 4.85527 133.488 166.782
-11.6624 1.1521 72.5871 134.383 102.257 159.226
-4.51637 -1.98483 42.4526 149.156 162.479 73.1328
0.0584373 -10.2273 21.3679 37.4631 147.069 102.038
-0.163183 12.1289 -40.7802 47.1634 159.068 162.843
-7.98296 0.741169 -72.2483 146.257 132.042 84.8543
-0.881815 -6.76555 49.8274 40.8971 178.466 139.638
7.11476 -9.53844 17.9899 34.9164 24.544 158.616
-1.13052 -3.39985 32.3907 29.7954 159.76 133.12
-13.6449 1.71395 -51.0335 26.4074 165.87 66.9745
-12.4396 4.1728 28.9183 54.491 77.0186 132.834
-10.6181 -7.11675 57.8528 107.064 110.445 61.3543
8.87729 6.61645 47.3572 115.192 139.441 122.684
-0.798512 3.41022 37.0342 72.7782 103.355 105.431
4.77371 10.9977 -2.09057 11.2303 155.539 144.345
13.2032 -2.368 69.4594 78.3595 162.999 104.055
-11.2623 5.24723 -22.768 0.299379 132.971 79.8037
-5.38197 -8.27323 14.2672 85.3576 81.5465 9.62127
-11.173 6.97894 -53.6851 32.3256 65.528 74.8847
-12.741 -1.29874 31.881 128.794 11.1485 161.888
8.08618 -9.71749 51.8481 6.30361 174.29 47.0665
-9.18464 7.75664 -4.84846 63.4287 0.711916 174.161
-3.44479 -11.4274 -34.93 160.616 87.9576 114.329
-12.2443 -4.87701 11.3618 171.756 162.969 17.0752
-7.80226 9.91779 36.9955 121.563 121.167 80.5341
5.38072 -4.59881 9.77444 161.017 136.185 68.4706
-0.567341 -1.85611 38.1131 142.105 88.0286 37.7903
-9.97054 3.81755 -10.5678 120.722 133.498 7.78688
6.59965 3.63357 48.6366 158.411 124.311 168.751
2.01181 0.618428 14.3476 58.5068 55.2988 152.247
-9.40669 0.990708 63.4278 14.1003 1.3925 141.624
11.4342 2.30825 19.4721 9.95681 20.0306 93.1958
12.9108 1.49826 -0.0026096 2.38275 128.391 70.6493
8.57985 10.0275 6.71586 75.5013 63.1592 106.577
-6.14166 7.25041 -42.7484 108.1 21.4041 119.084
-3.98515 3.6169 40.8926 150.231 4.99915 111.337
-4.81778 -9.42447 -23.3147 61.1468 116.187 85.299
-9.14577 3.26898 -73.1523 55.3374 123.124 134.028
12.2977 2.67978 76.5974 152.965 84.9752 167.839
4.20638 -12.21 49.5384 102.093 108.476 162.394
1.48995 9.8589 -64.4686 67.3734 143.922 124.348
8.59798 -10.3901 -48.4628 5.39308 177.51 149.143
-9.30707 -7.93664 -46.1594 68.945 125.229 25.5651
-7.62162 -1.15851 -35.5882 67.6934 43.3909 143.009
-8.66045 0.163308 5.33996 121.761 164.144 129.471
11.4807 -5.48457 49.6052 44.2598 59.8057 16.7076
10.7187 -7.64289 68.7166 168.218 143.744 51.839
-3.20103 9.04113 64.2212 10.9278 3.55775 110.632
9.66957 9.00112 -72.6831 73.0778 20.2894 104.56
-1.44549 5.67554 43.1435 127.259 43.2381 119.869
10.0318 -7.61101 -13.1731 12.8037 116.392 130.211
3.8193 -11.7196 36.8567 136.777 136.999 16.2898
1.14418 12.813 -69.024 101.769 81.6294 127.874
2.65969 -7.89727 38.0981 132.134 95.7162 40.5261
0.294459 2.08914 77.2146 11.3895 66.9677 60.778
12.0804 4.60005 52.2912 74.5687 115.063 93.2861
-2.78562 12.6301 55.8145 139.508 102.618 97.2335
-1.14529 -11.768 70.4116 135.035 19.4389 161.274
4.56406 7.17305 21.7382 74.6366 65.1271 103.576
6.51836 0.236239 -0.267792 163.536 165.957 148.802
11.1936 3.42534 -46.9916 76.7488 163.705 6.71443
10.7494 -8.86454 -4.46267 127.071 146.919 104.718
9.98814 -3.4596 -4.18987 76.6768 134.006 138.014
-12.2573 3.83749 6.24395 24.7288 61.0194 133.877
-2.13653 -9.36425 -26.4272 174.362 27.2482 152.568
2.39877 6.95646 62.9516 146.923 31.0644 61.9257
-9.12604 -1.67399 -66.9444 67.6958 89.5431 86.5397
-11.1406 2.39491 -61.2584 87.1514 104.127 70.2692
-1.15549 0.843097 67.2344 11.5616 104.359 158.754
11.7415 1.90872 45.8478 129.765 134.139 117.719
3.164 11.6574 -24.3936 139.769 79.7566 138.688
12.3406 1.97674 -28.9183 16.4857 159.927 55.4066
0.00637883 -8.50701 -46.3297 160.578 25.1099 24.0583
-8.67856 -10.0276 46.5944 149.8 162.97 79.8439
8.05164 -3.80639 3.67296 163.399 156.562 57.4565
3.55412 -2.38416 37.3117 7.16217 42.0122 76.3498
-0.22088 -0.698951 -38.0149 162.284 76.4616 99.2779
-7.43276 2.71274 -36.8367 105.332 75.6406 16.2515
1.60791 0.313935 -47.8619 27.1455 128.472 7.70556
1.10308 12.2271 -18.7784 174.39 132.233 65.3172
13.1118 -0.883573 58.5899 172.864 154.463 50.5366
3.81784 -9.06346 -71.2784 49.8363 146.964 35.7525
9.31091 -8.26223 -62.8601 87.5104 140.132 76.9311
8.03285 10.2178 75.3107 98.2313 81.443 107.335
-4.12483 -2.46054 9.8468 150.924 124.358 67.4374
-3.41212 13.2847 -17.8645 163.506 163.075 123.244
10.7142 -1.48638 -62.7085 104.189 171.313 69.6346
5.39578 1.78996 -58.5762 40.9948 137.981 84.2902
-4.56088 7.4385 41.2217 67.0788 138.459 25.4078
-0.3461 9.30652 31.8803 110.646 150.073 89.0722
-9.89981 -6.00988 -41.1312 109.457 121.842 94.2594
11.6878 5.27185 -50.2439 58.4948 101.241 168.325
10.9568 -7.0582 -37.0416 98.9214 178.99 132.329
3.75427 -11.3427 -16.1225 145.465 110.331 22.161
-4.25216 -1.96903 53.0552 69.3117 122.626 51.4245
-4.79816 4.37839 45.8497 71.1793 154.296 41.8503
8.51769 4.58948 63.2053 109.013 170.74 56.4668
-0.969098 -11.7315 -69.5711 65.9574 34.8905 82.234
5.06655 5.37588 29.6157 57.9997 44.8958 166.793
8.02122 9.07062 -77.3944 5.02108 89.5892 4.33917
5.41301 -8.95805 -54.4181 150.27 178.793 29.4195
-11.9441 0.239268 20.4114 95.2733 151.231 163.341
8.44941 3.05078 -68.9941 132.29 62.6372 101.899
4.69972 -3.01736 -59.6754 119.991 63.3816 170.752
-12.0826 0.965991 -5.16485 73.0901 28.9979 87.6674
4.08174 12.476 -66.6004 72.824 119.44 133.022
-7.90071 -5.02944 22.1651 74.0589 113.179 52.9534
0.511546 -4.5348 73.1017 76.5383 77.9311 170.327
-6.41082 -2.22231 -70.8876 145.596 164.158 158.071
-5.95622 -1.29502 31.3754 101.099 163.838 118.838
8.12317 -0.0395536 -44.6139 167.593 83.032 133.662
-12.8452 2.66711 56.3299 13.1023 55.6346 159.176
11.1595 2.46567 11.102 159.066 51.0463 108.483
10.9766 5.14757 -41.9347 160.553 125.343 5.0352
-1.08749 6.43414 5.27146 72.606 155.967 4.47639
-6.34444 -11.6273 -12.8341 15.9366 41.1437 71.0739
12.8388 2.55166 -69.4219 64.0152 126.334 52.3224
-5.03863 -12.4444 1.91456 9.15312 86.9132 32.6991
-2.46688 4.74137 -7.78253 0.548403 3.55675 6.53521
0.382353 10.5811 -1.98248 47.4826 146.504 34.0281
-9.475 -0.34818 49.0236 165.887 130.998 113.237
-8.17537 6.07632 74.2569 86.477 61.5438 20.9072
-10.1795 9.24228 -72.967 103.897 139.105 168.67
12.7911 -2.66869 9.86815 28.7221 153.159 162.962
1.9526 0.474009 -23.2652 109.923 158.709 147.568
4.47828 -4.60783 -52.2096 148.383 158.583 103.261
-12.4145 3.33948 -20.8984 14.48 107.895 125.749
-4.71053 11.5741 45.5428 16.5731 93.8404 159.998
3.2872 2.69676 6.96274 81.5964 101.032 151.989
-0.568145 3.25567 -56.5682 49.7146 114.58 133.619
-5.63734 -5.16115 53.4848 36.6432 33.754 144.74
11.669 6.30426 -6.18757 134.625 58.7843 53.3086
2.31587 -3.98447 -20.2137 8.88166 94.8169 150.808
3.86176 0.38242 27.1941 105.884 49.5084 26.2201
-6.15679 -8.28943 17.3741 116.757 67.265 2.56521
-5.73362 3.97756 -78.0085 49.9666 120.127 176.222
-10.9463 -7.25325 46.3487 8.56728 59.412 159.216
-2.9166 6.41927 70.4326 161.674 81.6057 136.558
-11.8554 -0.376397 -35.3539 9.61221 178.489 15.4621
-5.68125 3.4273 -19.5189 125.96 73.6105 127.653
12.111 -1.37943 5.21113 128.703 63.8325 53.0047
2.13912 4.28306 20.4181 35.5127 133.133 148.011
-3.76727 -12.8155 40.3424 176.422 68.4938 43.5009
10.4583 -6.44244 -58.6136 177.747 149.656 36.2274
-1.66076 11.0881 50.5885 50.992 54.2387 36.2446
2.78533 -2.63787 -27.7719 123.651 123.663 112.756
-0.220263 -2.56707 -9.21869 83.8841 166.984 27.576
1.31548 8.55428 -19.0251 162.444 11.8286 7.03453
5.02651 2.96641 55.269 117.166 94.3937 82.3337
13.2323 -3.34461 -70.8424 79.5993 158.676 22.3616
-11.6056 -5.18072 -6.09683 138.289 159.753 18.4824
-12.3539 -3.50629 -27.4515 135.673 80.8178 119.61
0.385819 13.7647 29.7239 177.554 171.684 87.2314
-1.95088 11.715 -59.9404 140.452 162.603 155.3
8.02276 9.66307 27.3731 84.5778 111.377 136.316
-12.1594 3.61483 19.0417 4.48371 59.7449 1.32511
10.4615 -1.51911 -56.0957 43.3915 117.829 120.493
-2.11579 -10.3035 -63.9829 104.925 65.3472 88.5656
11.3849 -5.95069 45.1665 106.687 121.507 90.8256
8.57412 6.09857 22.9558 19.6847 77.8287 159.619
0.319795 -7.94212 20.4275 34.2859 78.693 21.4611
5.65717 -12.3989 -37.4548 107.106 108.113 178.293
-9.17904 1.88466 13.8957 133.448 167.596 119.755
-1.68487 13.5991 -2.78018 179.033 112.718 69.6881
-7.77565 8.01782 13.3818 175.716 116.845 39.6713
-9.7112 -8.07765 -30.6864 62.4479 119.555 165.419
3.81681 -11.0874 -19.6289 82.4565 4.8933 53.9804
-1.55243 -5.40798 47.0575 37.6482 147.423 51.243
-11.5523 2.28313 -47.7401 82.5268 124.622 52.8386
12.3152 -1.973 32.5625 137.724 147.987 112.097
9.51864 8.92048 -8.18292 64.7152 166.327 66.9611
-9.97465 -6.61263 6.23383 137.042 164.662 28.2155
1.79779 7.56464 -72.033 94.0953 45.8616 176.742
-6.33643 -1.92691 78.1713 3.47076 35.2426 19.4363
0.424658 12.9475 19.1347 109.591 161.787 69.5385
11.3093 -2.2709 -23.7272 117.226 50.2729 156.937
5.62097 10.9211 49.1462 173.123 173.157 46.3388
-5.05616 1.42115 -50.9408 94.1642 114.886 48.6124
5.04969 10.3687 -74.6489 136.891 102.69 141.085
8.51413 -8.02173 48.231 116.214 62.7919 112.3
-2.45076 12.8911 9.92775 170.725 99.8545 1.32971
-9.15799 -10.2526 50.7192 90.9845 42.6946 172.804
9.85156 -2.18984 69.1701 136.144 152.76 27.743
8.93735 0.0726765 50.0174 12.5747 31.4608 54.904
-0.684036 -6.41873 4.68629 111.225 43.2838 178.843
7.39382 3.30808 36.3353 139.754 128.43 82.749
4.33981 -12.5729 -8.47581 39.6813 167.883 2.91233
8.06972 -1.83586 7.00677 126.923 124.632 174.158
-0.278075 7.63904 -40.4847 67.6805 92.115 115.177
11.8264 5.88371 29.0792 113.952 120.816 102.015
6.63229 11.629 -55.5118 58.0382 74.8988 94.9273
0.478894 -0.777549 -17.1125 35.5984 114.861 44.5781
-10.1508 8.90974 70.0362 55.3147 130.708 112.032
7.45503 4.50102 -55.2059 95.5701 103.173 165.096
-3.81766 2.52345 -1.44386 4.87425 51.2261 127.983
-10.654 1.76272 -67.4103 65.1993 8.54605 85.8229
-10.8552 -5.07079 15.3073 48.056 80.2464 85.2699
-7.55854 -6.01574 11.1072 133.315 110.931 147.412
12.0637 5.95467 -72.421 23.1129 164.391 173.731
8.89626 6.0481 -0.074101 3.38915 5.53596 121.954
1.89986 -4.76911 54.9355 79.8258 103.79 135.771
7.09613 -5.47992 55.0962 25.3629 173.064 45.3949
-1.3914 12.5992 65.5971 133.233 48.6519 112.368
9.00647 2.46053 -19.3367 22.9197 60.0119 70.8909
3.56138 11.4911 32.0218 71.8153 134.766 109.175
-6.5333 8.10914 -51.2689 134.525 155.941 114.135
9.43074 -9.00358 -31.6516 125.543 162.185 78.9884
3.55716 8.9725 67.4907 97.2738 67.3014 38.758
5.58834 -9.07907 -78.3786 141.398 4.14098 173.951
1.88346 3.83417 51.7857 134.726 153.059 79.7124
6.54518 -11.0029 10.0103 129.862 172.282 56.6467
-13.0397 -1.75181 23.6445 145.178 33.7032 35.8209
11.206 7.68918 -47.3891 31.7445 6.50213 178.177
3.5643 0.90484 -3.18646 145.902 72.1347 95.7828
-4.70263 -0.314127 37.6335 16.625 98.6447 85.084
3.41413 8.52335 -67.8312 92.1467 86.2419 50.889
11.015 -5.73307 5.93716 25.014 136.837 88.7707
-8.2377 -8.90565 -15.179 43.8632 128.364 23.428
-4.72965 -6.71066 77.1912 120.316 29.1326 85.4658
5.5205 9.56414 -63.5747 114.753 11.869 56.4964
6.92842 10.0466 -26.0626 122.696 137.416 36.4203
4.65279 9.27878 45.9363 148.486 44.8469 179.578
-1.58871 9.46051 14.4563 147.47 42.501 3.06726
-12.5524 -3.48387 -12.0782 51.0097 8.1564 32.1698
-5.1556 -5.79932 41.4412 65.8002 147.334 3.8559
11.2944 -7.11068 -41.9081 103.874 59.0492 173.011
-0.101707 -3.3392 45.1077 91.3992 67.7316 152.592
8.47224 6.64124 31.4583 2.62015 3.28658 90.8746
-7.49634 -10.0151 42.3708 75.2855 105.193 10.4227
12.1292 -4.88747 -10.8805 159.87 87.3162 60.868
5.52329 -10.2931 -45.8698 166.861 60.0095 99.8137
7.01446 -10.6395 74.2897 56.5747 53.9745 84.7365
-4.49443 -9.10164 47.5911 149.54 59.5446 59.0038
-10.7733 6.86739 26.5383 149.003 39.5238 127.152
-1.47469 -6.60217 43.3307 111.82 54.2239 28.7873
10.0149 7.72383 28.2937 47.9733 123.548 158.587
3.15503 -2.87681 19.816 133.535 67.5659 131.349
0.668501 1.06903 63.7044 106.535 40.5327 34.0029
9.09412 -10.1157 12.7578 55.0989 133.183 29.7773
1.3716 -4.13387 -3.88762 78.8705 111.547 47.7136
-12.1434 1.88806 36.0219 155.585 63.7253 49.4697
-3.35833 4.45106 -15.5894 132.211 68.4855 115.873
-8.23752 6.90458 -59.3223 10.0321 79.466 43.7347
9.58648 -4.32394 -21.4987 47.5016 68.9119 112.081
-7.79604 6.55436 43.6109 40.0532 10.473 123.798
-0.306661 -12.96 4.91389 8.59168 29.9602 26.2891
7.45801 -0.708911 23.006 122.398 111.177 38.2872
-0.283065 10.2366 -9.22429 34.0907 71.0018 132.611
-8.32969 3.26004 70.6524 76.5121 131.731 158.696
6.96453 4.63657 -6.74008 29.3475 76.676 12.5043
-9.77606 8.50316 -13.461 170.407 106.785 45.1348
13.5951 0.377628 -56.912 175.662 6.22398 4.95276
4.98724 8.34443 -17.6724 150.253 129.31 27.1536
8.04202 -3.53831 78.5894 59.7558 22.5953 14.7207
-4.6914 -3.4769 2.54114 153.4 109.895 117.63
11.8303 2.95067 33.8344 153.009 167.616 55.0023
12.6576 1.43068 40.2264 12.6142 12.2505 177.136
11.9447 4.48359 8.60124 69.4913 162.815 45.2582
7.69438 11.1444 53.7103 15.2551 170.778 133.015
-9.87343 5.46487 -14.4276 165.052 44.0912 99.1402
6.30687 11.1615 -78.6973 126.865 88.8898 175.787
11.1646 -5.90753 -24.5877 90.7287 47.2291 50.6411
6.65178 -2.44495 52.8857 134.425 149.177 82.3394
4.10948 -10.5378 -74.1753 74.7787 99.6216 22.8864
-13.7062 -0.941658 -21.3464 97.2708 176.927 143.659
0.236889 5.37642 -21.2426 138.707 174.739 86.572
1.77879 -6.17046 -6.11454 57.8985 123.711 74.4992
4.84949 4.1011 -78.9096 67.7648 76.6088 3.75556
-2.91485 4.20516 10.1417 165.193 158.248 51.9671
8.52783 -5.5214 -0.699136 151.265 32.1668 25.8149
3.87168 -12.8234 14.5069 104.823 84.4889 64.9051
-10.4233 -6.83033 24.69 79.4879 120.978 164.036
-7.94076 -10.7636 -45.538 24.5277 44.0168 52.9602
-1.98276 7.75964 -23.8369 164.823 105.758 129.556
-1.79822 -9.09348 78.605 158.132 100.836 64.0659
2.07434 -12.3329 -0.960424 25.245 8.94204 176.627
-7.47917 -1.74688 59.0492 43.1245 29.4139 28.8931
4.73165 -12.3597 -47.5583 175.302 119.077 100.14
11.4351 -6.92802 65.3167 87.1731 126.399 73.0478
5.15852 -7.90898 -7.23307 103.628 144.747 173.443
-7.52797 7.28185 50.0719 86.2074 15.9266 142.459
-7.55649 -9.391 -29.2312 109.913 109.72 35.3563
-8.74216 -2.3293 1.79339 125.262 85.0236 23.7572
-12.8388 -1.12373 45.4581 9.1494 51.6363 123.901
0.447664 2.00319 7.85272 23.958 5.35437 74.5287
-13.0705 -2.32197 54.8224 126.325 153.845 38.5317
2.36404 -4.8901 14.6583 118.511 92.9409 99.466
7.97743 0.0644016 78.7537 87.9235 103.936 97.1976
9.25389 -5.72235 75.0923 92.5379 106.616 142.934
6.46069 -9.47503 -13.7378 146.807 76.6171 81.9759
-3.28546 -9.39029 67.4912 156.564 73.24 45.1324
9.91478 7.87023 36.5412 12.1547 129.806 116.539
-8.55179 -4.07207 -56.1629 43.7992 87.0115 136.681
1.9835 -1.48503 54.7738 149.085 43.396 56.0094
-1.89924 -7.60978 -64.9973 50.9481 173.078 52.1472
-1.1271 12.5488 -51.2713 13.1891 159.321 107.171
0.259704 -12.9733 28.2634 39.5745 173.739 84.2466
1.74472 -8.82351 -29.0959 98.6335 56.4968 151.447
-1.80631 -12.6805 45.4205 9.55079 129.527 164.862
-5.18684 1.02976 -65.3936 54.4969 151.683 134.723
-1.73145 13.2801 15.8417 110.104 82.2244 32.8719
1.52972 -11.8529 78.9725 122.73 64.0258 6.86448
4.49892 2.48439 31.4697 108.747 141.505 28.7286
-1.49703 7.30618 74.3116 50.4493 62.2416 14.923
-10.8553 -2.8043 -64.6417 56.8719 112.979 143.503
-8.31086 -0.832675 37.3974 70.9505 23.8325 69.0591
8.56834 -5.88998 63.0734 104.277 28.8244 4.55678
10.5654 8.24546 -65.4771 111.201 38.2401 6.33475
-6.28228 -11.436 -42.487 172.639 38.274 81.1436
-9.48434 -6.80341 -34.714 37.0851 41.5889 112.538
5.65079 -11.5335 59.4372 175.665 38.8703 162.133
-12.0695 -2.0825 -69.7759 140.374 9.6069 161.032
-1.49228 -13.0153 -5.43269 85.593 8.82028 22.8309
4.12042 2.24091 -61.9125 46.7108 45.7161 31.5839
0.166547 -2.85198 75.3431 129.991 49.9184 153.058
1.63929 0.850721 36.0636 62.5275 170.445 155.577
5.83896 6.34677 -57.7639 121.138 15.3365 48.0913
10.7568 7.51219 72.1811 53.647 96.7923 21.7455
8.34256 1.4711 43.8256 31.215 144.892 27.9507
0.120983 7.60845 -49.5414 83.5592 165.134 127.254
-8.4643 -9.16126 -33.5208 61.8083 146.616 67.7452
-0.677193 -0.245735 -45.9797 70.619 127.146 51.5714
-1.82278 -2.61218 70.2527 146.02 13.5945 99.0591
6.63983 -6.83551 -58.1097 93.7194 106.133 42.193
6.38662 -6.62369 -32.6022 69.8623 83.0163 91.4799
-0.0910156 5.04129 79.1593 69.1576 83.0363 97.1647
6.17513 -11.3266 26.3566 146.72 124.22 13.1026
4.25019 12.9838 75.458 89.0539 61.7447 51.8163
8.45111 -3.33874 33.5327 88.3494 3.07358 144.87
-4.9972 -2.66025 -60.6082 133.977 171.548 164.69
1.3199 -8.80347 5.18462 20.4445 161.905 20.0333
8.22266 8.26794 78.5454 55.3842 104.994 179.784
-1.08519 8.39805 40.4432 2.78978 141.435 101.712
-12.7684 1.7546 -54.5602 31.8995 115.188 132.048
-10.0728 -3.6191 -33.1534 144.211 18.2682 25.3548
9.7983 -7.45055 78.8196 53.8324 109.107 101.205
11.0056 5.83599 19.8 175.73 101.921 31.0115
0.819981 -1.15788 -32.0016 164.67 179.52 62.5812
10.3034 5.03408 -26.88 11.8968 102.483 175.485
-11.9602 3.64605 -78.8254 32.5654 97.2803 26.742
-11.4807 -1.45621 -76.8989 141.163 62.4761 109.257
4.63217 5.17113 -33.7031 147.56 2.17449 10.0132
-3.03723 12.8046 -33.0765 163.127 139.978 42.5608
-5.72652 -11.8679 14.2252 179.11 35.6804 124.252
3.87927 9.81704 55.6658 19.1462 125.741 75.7942
-7.85176 -10.4598 -55.9731 22.4538 57.5908 4.53502
8.58227 8.40937 -10.9317 110.354 116.745 119.785
5.6414 7.27327 62.3562 108.09 168.049 156.556
-9.55472 8.30835 54.605 66.8522 63.0297 24.1172
11.253 -6.66325 -70.5312 166.123 40.9814 128.697
4.83466 6.42838 -46.8271 112.636 75.0783 62.225
5.66126 12.4276 40.4783 76.6907 69.9406 76.0061
0.489539 -6.89083 -33.3719 73.085 80.6374 53.2574
7.1645 -3.01887 44.2749 19.9583 177.712 87.2606
-2.1605 -6.16504 -36.1702 171.104 77.8378 122.238
7.7337 7.75845 -28.0417 121.807 14.2304 79.7562
0.100132 1.76226 55.7286 75.2133 63.3268 35.6072
2.83919 -3.19172 -10.2241 134.131 5.90917 131.748
8.98008 -8.77532 5.19956 121.861 69.6444 72.342
6.82026 -3.24695 -26.2846 0.960754 114.455 3.0651
-2.30016 -3.15535 -21.8853 22.8956 34.3166 104.246
1.40553 13.2741 -46.5227 119.4 81.5168 171.986
1.00565 4.887 34.7682 70.1444 146.742 16.3897
5.35712 12.7902 28.9489 13.744 27.6638 139.271
5.20749 6.00709 -72.6872 156.727 136.451 58.7548
-5.77471 -3.472 49.1783 21.0045 137.739 24.2473
6.0692 10.9803 69.5872 83.5689 59.518 95.1454
0.044283 11.9999 42.562 103.641 19.7802 36.7097
0.503674 8.18735 -31.0601 155.108 167.863 149.224
5.06547 0.344354 5.79365 12.4336 3.54357 7.78295
4.08184 -1.23315 -35.7551 86.8842 177.454 87.3201
3.41932 -6.0017 44.9473 93.1558 28.1544 36.7822
0.625603 1.67765 47.7477 41.37 88.4764 85.7466
13.0632 -0.0645671 76.1485 7.59899 39.2255 178.856
6.62114 -3.43739 62.4483 150.446 137.95 65.9608
10.24 3.39259 -24.8873 60.7649 93.785 25.3387
2.33936 0.467055 18.4861 41.1867 73.3272 15.774
3.43804 -5.03854 -1.10125 119.747 64.7137 1.39889
12.227 4.58262 62.7783 108.676 106.266 75.1392
-1.14925 6.16313 29.8901 32.1762 166.286 112.214
11.6183 7.16546 -2.79542 148.789 18.261 145.459
1.91938 -2.38607 -53.1206 25.6016 20.7711 104.199
-5.61762 1.0222 73.7702 73.7737 151.763 61.1673
-5.2212 -9.10615 50.2836 39.9816 138.491 161.88
-12.7344 0.918597 65.9248 39.5534 153.756 83.6183
2.37427 -12.0706 -49.9477 22.7411 91.0611 14.097
6.06797 8.66151 24.2393 2.64949 40.0909 142.79
7.17053 8.28635 44.462 27.673 110.095 109.881
-7.28626 -3.15859 75.3622 100.202 81.498 86.6574
12.6323 -3.38872 -40.2146 161.719 147.214 70.0622
4.41732 -12.5932 75.9809 21.123 99.8642 100.922
-7.49683 -1.57932 26.046 149.951 93.6335 8.54542
-3.38364 -2.18813 -14.2468 171.481 43.6155 127.062
6.87521 -9.9428 -20.2494 102.267 120.999 6.28251
1.98631 -12.207 -34.0585 97.4339 15.3012 84.324
-13.1866 0.265138 49.0693 1.99631 156.647 73.3974
-4.79575 -5.20527 -56.1341 142.902 164.297 134.99
5.68652 0.780175 -47.9953 44.9899 94.0163 32.0637
-9.33092 3.08401 -58.9449 102.83 114.004 136.575
3.52006 0.363 -76.569 83.7619 121.313 69.6981
-4.82418 -12.9889 -24.6878 79.3706 72.9198 45.9074
12.783 1.93048 58.0178 161.655 47.149 63.1922
-12.9319 1.98957 -36.1979 118.666 92.2466 116.862
10.0954 -0.451956 38.4544 76.2415 106.053 58.4255
-3.7451 -13.2605 49.009 71.0506 63.126 82.2594
8.53159 -4.49593 24.2811 71.608 163.12 90.0431
-10.9889 -2.72514 -22.4402 119.79 5.62179 131.58
-8.915 -10.4316 -22.2437 99.5519 57.1231 24.0586
5.81116 -11.8274 51.962 39.9714 83.6861 91.491
-9.31733 7.20513 9.99775 79.6006 40.2419 106.532
1.99674 5.40641 -41.7214 179.238 64.0695 44.1318
2.84676 4.17377 26.147 21.541 178.158 121.195
0.698063 -12.3112 57.7789 147.227 46.4507 122.408
-9.32246 5.38502 -49.8531 144.277 51.5502 110.156
-11.5055 0.210277 1.88817 6.29466 122.527 113.731
-0.80379 4.32729 48.5572 131.303 98.8609 41.8126
-3.90318 -7.12717 37.3872 112.381 162.368 122.136
-7.88529 8.66605 -0.901912 115.913 44.0164 52.6952
-3.91312 0.351053 13.8883 64.4244 137.012 57.6097
-6.31137 -11.9945 69.1633 44.1263 31.5714 170.129
9.53572 0.804148 -70.952 74.441 67.3078 81.5522
-12.0588 -2.09132 -59.094 149.224 62.108 57.3177
-10.1278 3.55873 -2.15037 43.6041 11.4735 0.485914
-12.1419 3.77684 -39.3166 96.1183 168.203 38.7559
-1.70703 -7.71913 30.299 141.153 127.969 78.8168
6.38019 7.55388 49.397 38.8512 26.9856 118.655
7.5253 10.9449 -65.3374 138.353 31.7474 45.6143
9.16556 4.82111 -3.83394 0.951494 6.35016 126.415
3.6546 -1.41907 71.2023 30.5503 146.491 164.977
-11.673 4.592 -32.3532 125.763 70.7644 117.816
-6.69442 10.8628 -13.0403 36.9909 81.2239 40.9292
-0.533206 -9.99355 -10.4195 174.758 85.3845 138.975
10.7453 -5.1899 12.9522 123.197 9.07012 29.757
-9.73072 9.19835 -59.9043 28.9199 8.96903 132.392
6.04605 8.63107 -49.3042 142.119 178.811 128.544
-13.1348 -1.86499 -56.1499 77.8079 17.0648 13.9792
-9.81289 3.37972 -25.0705 172.19 85.2234 38.4057
5.99174 -10.5376 -40.0228 17.2418 25.3451 62.7153
7.91877 1.8156 -33.5455 108.127 173.645 68.9565
-1.06278 -9.87225 7.12312 32.8794 85.1858 165.418
-7.66688 -8.16747 63.6612 3.60367 0.660958 59.4226
-2.05569 2.17268 -61.3497 104.012 12.5554 67.7879
-4.63755 -9.67313 -67.7063 156.383 80.0809 179.236
-1.9823 13.2164 62.0309 109.016 122.991 17.3446
-2.68512 13.0813 59.2764 36.2788 57.1587 26.5692
12.8688 1.69496 3.99314 149.608 125.584 6.20577
12.7052 2.26552 24.9997 11.9698 118.96 32.5112
-12.2385 5.34676 -12.1062 16.6504 176.066 110.075
-0.964098 -1.55052 -25.5378 16.5606 7.75076 145.31
-7.35241 -6.93961 48.8343 154.785 89.0174 43.141
1.74126 -5.22872 -63.3408 106.775 148.756 49.7352
10.7985 -7.83797 59.1456 31.8502 138.754 145.808
-8.53404 7.18362 64.9977 16.6737 18.5209 105.447
2.80499 -12.8773 -13.2595 112.16 135.755 58.2973
-3.43294 3.106 78.3074 40.2195 2.94046 20.7282
-2.69162 -2.39786 27.9474 150.827 168.764 173.876
4.89158 2.37745 74.7193 1.81106 67.709 65.6298
-0.652273 13.6511 -28.6998 165.675 169.769 3.38141
7.68296 3.04875 51.5168 152.656 105.709 69.6238
7.41519 9.59588 -39.6885 51.0989 9.90411 3.3124
8.7329 10.5898 -33.4219 176.676 12.2213 107.374
1.03556 -13.0755 -17.8805 110.085 107.98 149.559
-13.5792 -0.453034 11.4288 49.2421 178.371 125.64
-8.70413 0.836028 30.9048 111.765 67.2504 102.174
9.40663 6.77963 -79.1612 87.1151 120.243 93.2515
2.47645 -2.96312 -71.0003 153.323 114.528 7.40512
-0.559308 1.46038 -71.2042 87.8738 46.6667 175.625
2.96443 1.94401 -18.5052 138.245 26.9908 139.834
0.779063 -6.47836 77.7258 172.511 157.942 9.49698
-4.14714 12.3873 -37.9794 11.9141 35.4013 94.7174
9.30903 -6.9883 -38.7682 78.8343 13.8886 61.1135
-6.14305 -10.7645 59.864 66.1703 144.983 130.866
10.7947 -7.45984 37.5348 157.233 39.9692 38.33
-3.36787 9.32066 54.6714 16.7624 162.198 97.6719
11.9382 -3.52865 61.6084 90.4884 134.954 167.484
4.75245 -7.87038 30.7637 66.3751 169.066 127.902
1.60385 -3.05275 60.7942 0.0662883 178.163 89.9178
-3.50675 -13.3445 -64.5155 179.995 3.255 31.8632
-8.67149 9.00736 17.7216 10.2806 37.3461 83.1579
2.83908 5.22545 5.4009 7.67369 133.203 126.712
-9.19929 9.47117 -32.3612 127.21 104.567 98.4228
9.92733 -6.84248 19.5435 75.2942 142.893 36.3053
-12.5433 3.3267 32.1043 83.7992 75.3868 2.22443
10.9433 7.51317 9.02629 7.59718 165.982 35.8689
-12.0596 4.44702 -65.1829 160.256 168.296 79.4865
-12.8252 2.31109 -42.2755 8.87381 48.534 40.1022
1.24622 7.17638 9.9816 153.968 82.3772 43.6536
6.577 -6.82009 51.7424 162.951 42.766 104.635
-12.6312 -3.17421 -4.08638 115.047 137.762 62.246
5.85377 11.3244 78.646 114.109 105.737 32.9419
-2.08445 -0.453384 58.1155 134.299 15.4717 46.0007
5.0451 -12.2794 -30.6129 14.1913 39.3922 22.3434
-0.32411 -12.3348 -30.5237 44.9661 135.735 59.2022
-0.248786 -13.2771 74.5566 55.232 85.3917 21.7551
-6.01689 -3.19535 -39.6383 153.779 16.9199 169.137
6.7329 4.72102 43.045 94.1346 38.9725 10.9371
-8.91258 -7.88384 1.8518 177.98 151.874 96.9367
-1.05075 0.924625 70.6002 66.9834 142.172 81.198
0.617085 1.00294 40.4668 61.3861 151.208 46.2579
7.34628 3.71231 -37.9142 148.62 172.796 92.6479
-9.10475 4.03569 -7.77949 147.185 135.734 132.167
10.7725 -8.22019 -18.7789 148.034 147.494 78.6936
6.80005 -1.72707 -46.4654 134.131 117.898 38.9262
-4.07964 12.1964 37.6298 83.9536 44.7991 40.3905
1.41208 -9.00696 30.7826 36.3931 19.0979 38.3686
-4.16542 6.17419 -68.5061 118.602 115.712 40.3365
-10.1607 -3.34105 43.4322 21.6106 73.4803 8.11062
-8.81101 -2.454 8.82674 61.4053 129.894 45.4761
-5.94592 5.59174 -74.2179 26.7465 16.6989 107.399
-5.5433 -11.9622 -20.4445 150.582 163.867 86.7311
5.11014 -7.3877 10.2237 87.7523 118.796 52.6947
-3.21581 -3.97018 37.1324 27.6229 18.6778 20.3869
11.3569 6.67821 57.9878 113.131 176.771 154.903
8.50388 -7.28617 -78.6398 25.8334 77.1067 30.7953
-7.83738 3.21704 3.87598 54.8735 124.835 22.0468
-6.95029 1.00466 -41.0899 39.9699 49.8914 171.262
-3.97755 6.70488 -21.16 50.0286 103.828 69.2223
-6.40239 11.5836 24.8165 87.1133 129.166 127.773
-7.19329 -6.28321 -53.0736 146.027 152.335 168.696
-3.70198 -3.59136 79.1221 129.367 99.0893 64.8994
0.0935355 8.52621 -58.6674 40.922 149.944 99.2072
-6.39826 -11.3111 -75.8298 61.1272 108.537 76.5717
0.254495 12.6532 76.1692 170.875 142.971 33.0498
-0.153379 -8.56518 41.3639 73.4431 125.159 77.3065
-12.8011 -1.15831 15.9026 5.77106 44.2398 16.6416
-2.24685 -6.10026 7.83774 157.119 30.5959 119.657
3.93351 2.89967 -36.131 95.0752 104.482 158.854
-1.61843 10.9094 -16.0871 42.897 156.082 39.4525
-8.02694 -10.9262 28.2907 12.0185 25.839 22.0429
0.788319 9.16846 -78.6117 67.4803 166.185 71.9467
-7.51697 -10.6397 56.5961 104.935 44.202 46.0751
-10.0971 -8.8315 73.6484 169.531 41.8728 138.82
11.1066 2.54894 -74.6051 16.0139 114.88 9.54527
-4.03059 9.45539 -62.8842 57.0228 13.7767 47.924
-5.1589 12.269 1.16739 14.4267 94.4965 161.824
12.5305 -3.84748 -56.6643 75.5558 27.0579 169.439
6.30036 5.43954 76.3377 79.8307 76.5646 108.545
-4.45372 0.485582 -54.7159 113.097 94.3349 28.5007
3.73764 4.90085 78.475 168.972 86.7661 31.2205
-2.18223 9.45026 -52.2754 160.917 68.1524 96.4558
-0.203983 -9.89249 -38.2003 70.2006 171.749 21.6191
1.80854 -4.38615 -45.9243 81.5587 116.479 7.39589
4.73303 12.4964 58.8025 157.554 166.242 145.51
-12.2503 3.0949 13.728 124.609 23.0539 172.5
-4.65935 5.78439 0.791581 1.06737 177.291 79.4609
-5.18355 -3.51978 7.90876 103.931 38.2236 46.2799
4.79633 -5.32472 35.4451 89.5803 57.5812 112.485
-0.461152 -6.14882 58.8063 25.7816 158.071 60.8313
-5.03391 4.46761 -61.0509 63.8474 66.7031 159.314
-4.73939 -2.51914 18.8344 14.7954 33.9666 50.4215
-10.6138 7.77514 42.1206 79.3396 97.4147 35.0595
-4.13965 -12.2681 9.78015 36.5265 157.86 143.676
-4.33176 13.0081 -64.6025 163.841 141.568 40.9941
-5.3096 9.90463 7.71499 61.6943 65.1752 35.3561
-2.76761 8.40305 19.5556 109.781 25.0393 85.2462
-2.92905 4.04331 58.2923 34.3642 120.377 144.737
7.48228 -6.06111 68.4865 179.399 88.329 19.4669
-10.5868 -6.93449 -48.0275 155.158 106.352 130.948
2.32429 2.94143 -74.5667 22.1795 15.6544 34.8688
7.70282 3.51952 4.06282 176.78 50.6503 24.1118
-5.02352 5.3466 18.7723 23.0014 97.345 94.0714
-10.7967 8.00751 33.6428 78.3843 141.408 44.0445
-2.48026 -3.14612 -74.4656 40.299 174.297 172.761
1.54949 -13.0354 -72.6634 48.2876 24.8713 8.95777
8.37508 4.58382 14.1828 118.772 33.9852 169.787
4.945 6.84146 -39.5011 10.8281 52.1509 79.9954
-3.91117 3.41032 6.59184 66.8194 114.133 136.11
-4.82824 -0.451288 -68.9711 1.48497 5.22055 26.9339
-3.89909 10.0744 -30.735 131.806 110.005 137.014
5.37128 5.10071 33.2407 119.487 41.8363 56.7265
4.20122 12.5045 18.9318 44.192 11.6545 24.3378
9.6174 6.43993 -53.6929 176.357 165.893 163.716
-9.47662 -9.02607 10.1223 133.251 143.449 120.029
-10.01 -7.94447 -24.9726 153.427 124.722 154.754
-9.59784 -1.58838 63.9142 52.7846 114.943 122.948
11.0349 7.08292 64.7747 118.064 150.56 153.217
12.5809 -2.47711 -48.9078 154.15 129.639 105.535
-11.179 -7.08609 -62.6967 72.4996 60.6062 62.3225
2.90362 -3.76772 -24.199 43.1907 170.708 147.473
7.57499 2.86382 57.9601 106.14 148.26 169.59
-9.03473 -0.144316 55.2274 52.1902 0.803104 121.108
-5.51022 -11.0785 -27.1562 96.962 159.05 92.4031
8.24162 11.0463 -12.3412 9.17406 25.0646 26.8708
8.17575 -5.74566 15.0265 77.9324 148.235 25.9228
-5.67293 -0.0282817 67.1831 44.6559 35.6839 53.9326
-4.28734 -12.6991 -58.5226 90.9792 78.4183 156.487
4.50769 -9.19166 -0.24846 89.6163 119.069 109.947
0.485378 4.0594 -16.9612 45.4424 53.2363 98.9298
8.87879 -6.5184 -66.4674 164.459 3.66937 120.042
3.68151 13.1448 8.94058 39.2618 67.8565 68.0506
-5.18529 7.60415 -26.1507 112.772 80.8401 175.26
-8.9673 2.84458 67.3188 97.615 8.46 32.2013
0.849992 -2.01776 -6.83702 95.0896 160.219 24.1839
10.2561 9.49889 46.0523 153.262 24.5689 149.053
7.11245 -10.5128 22.1896 97.4173 134.872 35.8802
-5.83546 8.66316 -11.4727 69.2011 144.671 91.2641
-3.4825 0.347816 -5.62419 91.4553 138.187 29.0195
-8.43041 -9.68604 -36.3093 6.95372 92.9512 101.417
